485
326
248
421
322
795
43
845
955
252
9
901
122
94
738
574
715
882
367
984
299
433
682
72
874
138
856
145
995
529
199
277
97
719
242
107
122
70
98
600
645
267
972
895
213
748
487
923
29
674
540
554
467
46
710
553
191
724
730
988
90
340
549
196
865
678
570
936
722
651
123
431
508
585
853
642
992
725
286
812
859
663
88
179
187
619
261
846
192
261
514
886
530
849
294
799
391
330
298
790
275
826
72
866
951
748
685
956
564
183
400
721
207
323
611
116
109
795
343
862
685
10
881
984
403
360
449
541
272
877
359
707
308
770
30
208
311
100
939
422
785
370
989
969
143
972
28
61
638
348
347
66
391
638
295
826
196
449
855
143
487
140
564
615
135
564
360
793
163
859
760
711
662
159
660
268
948
315
676
341
689
894
706
490
478
671
932
899
237
187
472
772
98
906
911
635
225
823
164
343
732
502
740
576
612
902
454
411
973
703
850
77
220
802
403
181
10
525
919
668
527
462
291
605
457
405
417
279
685
596
307
224
322
840
975
401
91
327
330
182
603
793
615
733
864
16
863
987
306
34
840
700
706
787
105
834
798
310
609
690
561
579
60
388
309
407
200
313
970
33
273
277
997
40
227
860
940
608
990
590
806
52
801
764
710
386
593
50
494
156
936
965
86
723
184
868
340
412
487
209
346
860
307
95
821
941
821
587
201
665
527
812
424
459
343
836
506
179
916
430
596
808
269
512
811
685
567
776
855
718
853
97
146
746
15
965
512
480
958
665
191
964
515
606
822
536
693
19
335
101
922
294
910
410
250
546
729
609
720
976
759
798
74
648
299
785
846
390
897
416
837
247
293
144
938
467
480
955
665
26
564
449
26
521
301
321
613
388
879
990
188
963
820
300
822
255
277
153
400
227
518
447
315
813
324
502
299
780
376
516
212
329
810
486
485
416
952
894
358
21
647
44
683
361
814
231
8
165
496
699
852
459
535
314
944
306
459
637
447
408
107
962
565
407
857
317
98
818
600
288
902
567
190
749
908
276
748
592
393
363
163
983
179
16
478
259
868
295
596
71
622
864
644
5
365
429
64
854
770
88
157
368
421
719
271
975
816
962
535
438
696
881
318
45
52
496
313
138
334
988
