94
506
416
992
649
237
457
815
446
422
791
359
667
598
7
544
334
766
994
893
633
131
428
700
617
874
720
419
794
196
997
116
908
539
707
569
537
931
726
487
772
513
81
943
58
303
764
536
724
789
479
142
339
641
196
494
66
824
208
711
800
314
289
401
466
689
833
225
244
849
113
379
361
65
486
686
286
889
24
491
891
90
181
214
17
472
418
419
356
682
306
201
385
952
500
194
737
324
992
224
260
97
210
649
919
63
958
804
518
428
537
346
153
971
662
197
91
529
126
747
469
770
934
723
895
568
172
958
383
308
970
583
48
930
569
3
20
609
887
825
930
904
241
379
376
962
889
443
216
338
160
406
159
31
204
420
153
425
331
565
838
9
918
533
232
957
591
576
746
377
858
86
434
558
279
840
735
574
126
912
739
821
625
917
201
993
149
52
759
267
256
783
117
516
180
25
380
712
266
216
448
541
664
954
726
772
531
943
750
327
917
5
113
913
791
998
859
345
431
675
833
438
523
916
420
115
660
261
772
388
764
843
206
407
639
852
542
60
757
82
637
93
614
136
187
102
972
163
501
477
492
121
80
138
660
229
827
448
230
832
489
586
291
665
660
702
153
606
123
253
709
832
108
888
481
283
858
284
711
850
239
943
195
95
410
664
900
112
963
754
458
19
225
569
97
194
754
602
61
695
347
719
100
97
843
745
286
492
116
531
424
253
426
413
980
291
833
486
9
575
922
145
897
404
742
728
269
103
745
35
779
71
80
842
128
941
227
30
342
605
531
364
359
867
820
313
207
911
308
430
685
641
113
141
690
700
559
481
503
766
7
882
859
182
425
542
683
853
938
89
624
181
878
933
580
252
207
658
20
954
347
759
446
14
657
710
980
188
636
203
432
129
630
509
237
373
838
395
692
103
218
384
931
396
389
640
287
297
977
512
219
555
398
289
798
598
49
572
697
770
725
542
214
887
45
94
282
82
319
626
146
541
874
725
777
554
208
787
976
912
444
3
301
164
437
652
764
41
737
176
136
128
394
235
42
824
684
979
568
367
52
642
335
126
130
583
129
752
167
856
640
770
431
195
448
701
952
880
168
79
961
472
217
709
147
296
909
764
251
878
753
570
253
666
931
433
810
678
123
212
