485
326
248
421
322
795
43
845
955
252
9
901
122
94
738
574
715
882
367
984
299
433
682
72
874
138
856
145
995
529
199
277
97
719
242
107
122
70
98
600
645
267
972
895
213
748
487
923
29
674
540
554
467
46
710
553
191
724
730
988
90
340
549
196
865
678
570
936
722
651
123
431
508
585
853
642
992
725
286
812
859
663
88
179
187
619
261
846
192
261
514
886
530
849
294
799
391
330
298
790
275
826
72
866
951
748
685
956
564
183
400
721
207
323
611
116
109
795
343
862
685
10
881
984
403
360
449
541
272
877
359
707
308
770
30
208
311
100
939
422
785
370
989
969
143
972
28
61
638
348
347
66
391
638
295
826
196
449
855
143
487
140
564
615
135
564
360
793
163
859
760
711
662
159
660
268
948
315
676
341
689
894
706
490
478
671
932
899
237
187
472
772
98
906
911
635
225
823
164
343
732
502
740
576
612
902
454
411
973
703
850
77
220
802
403
181
10
525
919
668
527
462
291
605
457
405
417
279
685
596
307
224
322
840
975
401
91
327
330
182
603
793
615
733
864
16
863
987
306
34
840
700
706
787
105
834
798
310
609
690
561
579
60
388
309
407
200
313
970
33
273
277
997
40
227
860
940
608
990
590
806
52
801
764
710
386
593
50
494
156
936
965
86
723
184
868
340
412
487
209
346
860
307
95
821
941
821
587
201
665
527
812
424
459
343
836
506
179
916
430
596
808
269
512
811
685
567
776
855
718
853
97
146
746
15
965
512
480
958
665
191
964
515
606
822
536
693
19
335
101
922
294
910
410
250
546
729
609
720
976
759
798
74
648
299
785
846
390
897
416
837
247
293
144
938
467
480
955
665
26
564
449
26
521
301
321
613
388
879
990
188
963
820
300
822
255
277
153
400
227
518
447
315
813
324
502
299
780
376
516
212
329
810
486
485
416
952
894
358
21
647
44
683
361
814
231
8
165
496
699
852
459
535
314
944
306
459
637
447
408
107
962
565
407
857
317
98
818
600
288
902
567
190
749
908
276
748
592
393
363
163
983
179
16
478
259
868
295
596
71
622
864
644
5
365
429
64
854
770
88
157
368
421
719
271
975
816
962
535
438
696
881
318
45
52
496
313
138
334
988
508
770
751
780
441
207
516
674
408
920
573
634
878
990
826
696
800
411
422
707
334
986
494
150
562
380
832
979
376
511
414
160
982
238
490
899
251
526
897
39
657
452
538
831
460
185
934
440
490
168
71
977
458
204
803
139
399
420
991
578
972
177
398
348
496
276
825
614
121
730
341
284
698
17
546
672
974
866
377
559
340
527
779
761
483
92
390
583
661
391
336
661
125
89
275
359
178
780
42
5
380
772
816
9
484
545
589
157
901
777
74
247
55
479
785
958
680
393
944
596
619
611
852
283
299
766
312
826
726
733
805
679
403
964
337
541
478
369
946
821
833
837
490
37
594
129
258
246
362
755
504
71
177
176
803
237
677
33
115
597
769
536
956
341
184
234
569
216
537
84
810
657
33
159
520
668
287
229
374
474
672
915
511
123
569
199
396
715
59
610
917
927
270
117
516
215
216
237
615
499
477
760
285
56
966
622
221
194
91
347
252
473
516
385
357
958
665
792
64
420
671
968
877
177
523
139
152
732
246
565
740
902
17
973
298
611
32
11
337
136
889
522
805
28
931
757
609
544
905
595
246
113
175
156
244
883
265
883
462
485
272
204
984
409
398
909
370
882
214
766
35
421
271
370
848
50
976
270
796
963
379
991
551
897
307
421
74
388
559
980
615
681
231
207
818
331
979
445
348
724
401
646
668
242
302
861
830
77
441
589
990
189
868
996
363
237
420
565
214
333
726
175
58
625
66
169
475
204
90
496
1
474
449
252
332
287
189
889
63
378
206
897
230
382
575
60
529
477
290
89
961
461
702
532
680
53
642
1000
891
822
152
324
633
267
381
272
506
419
461
526
978
468
729
795
581
383
226
421
386
273
484
676
107
229
902
962
105
84
991
701
689
655
600
538
499
881
981
473
383
679
573
589
480
145
624
923
915
232
974
735
678
640
644
212
123
253
943
18
916
327
640
615
470
655
288
401
840
633
707
424
682
194
855
190
728
178
275
88
367
544
738
963
460
266
727
33
442
628
384
244
482
765
446
247
913
560
528
594
935
462
621
660
564
302
936
592
724
118
299
251
129
96
167
169
381
976
767
837
407
203
387
735
706
335
40
821
131
159
978
53
849
478
19
230
453
336
931
588
449
566