94
506
416
992
649
237
457
815
446
422
791
359
667
598
7
544
334
766
994
893
633
131
428
700
617
874
720
419
794
196
997
116
908
539
707
569
537
931
726
487
772
513
81
943
58
303
764
536
724
789
479
142
339
641
196
494
66
824
208
711
800
314
289
401
466
689
833
225
244
849
113
379
361
65
486
686
286
889
24
491
891
90
181
214
17
472
418
419
356
682
306
201
385
952
500
194
737
324
992
224
260
97
210
649
919
63
958
804
518
428
537
346
153
971
662
197
91
529
126
747
469
770
934
723
895
568
172
958
383
308
970
583
48
930
569
3
20
609
887
825
930
904
241
379
376
962
889
443
216
338
160
406
159
31
204
420
153
425
331
565
838
9
918
533
232
957
591
576
746
377
858
86
434
558
279
840
735
574
126
912
739
821
625
917
201
993
149
52
759
267
256
783
117
516
180
25
380
712
266
216
448
541
664
954
726
772
531
943
750
327
917
5
113
913
791
998
859
345
431
675
833
438
523
916
420
115
660
261
772
388
764
843
206
407
639
852
542
60
757
82
637
93
614
136
187
102
972
163
501
477
492
121
80
138
660
229
827
448
230
832
489
586
291
665
660
702
153
606
123
253
709
832
108
888
481
283
858
284
711
850
239
943
195
95
410
664
900
112
963
754
458
19
225
569
97
194
754
602
61
695
347
719
100
97
843
745
286
492
116
531
424
253
426
413
980
291
833
486
9
575
922
145
897
404
742
728
269
103
745
35
779
71
80
842
128
941
227
30
342
605
531
364
359
867
820
313
207
911
308
430
685
641
113
141
690
700
559
481
503
766
7
882
859
182
425
542
683
853
938
89
624
181
878
933
580
252
207
658
20
954
347
759
446
14
657
710
980
188
636
203
432
129
630
509
237
373
838
395
692
103
218
384
931
396
389
640
287
297
977
512
219
555
398
289
798
598
49
572
697
770
725
542
214
887
45
94
282
82
319
626
146
541
874
725
777
554
208
787
976
912
444
3
301
164
437
652
764
41
737
176
136
128
394
235
42
824
684
979
568
367
52
642
335
126
130
583
129
752
167
856
640
770
431
195
448
701
952
880
168
79
961
472
217
709
147
296
909
764
251
878
753
570
253
666
931
433
810
678
123
212
66
206
750
64
466
337
510
796
175
437
938
848
561
718
948
649
569
663
582
843
202
702
579
725
803
340
156
832
602
234
688
184
978
413
633
585
606
963
350
242
539
739
267
165
177
720
802
644
82
798
197
173
81
235
112
103
268
879
643
106
122
444
262
691
997
446
171
549
281
211
112
408
730
363
89
605
938
168
705
47
400
215
114
51
881
549
679
328
250
203
481
752
707
82
63
660
21
287
219
500
820
95
44
748
678
276
478
663
594
757
947
448
570
313
981
795
552
389
280
864
636
512
892
184
947
614
625
149
377
474
18
662
416
1
530
752
22
981
777
957
275
584
582
121
951
668
118
319
896
521
948
248
474
351
54
155
660
871
486
294
425
245
382
371
708
544
794
387
738
520
281
502
91
503
924
16
33
344
349
606
896
595
441
102
52
654
710
434
245
36
661
413
13
370
400
195
984
476
164
405
674
196
608
907
532
51
716
327
880
710
267
400
376
609
320
196
538
935
404
100
126
855
94
731
253
8
393
543
348
318
489
22
998
49
381
10
429
221
150
717
530
332
942
565
216
61
170
872
644
208
680
697
639
679
961
361
802
359
839
718
280
252
280
102
615
296
481
956
230
259
922
706
272
156
552
485
536
70
902
452
35
947
378
57
352
669
702
141
458
463
756
887
332
528
656
254
787
495
370
10
200
327
17
374
755
980
376
8
32
460
804
23
869
943
715
628
73
199
38
209
327
912
799
372
976
120
667
188
28
704
649
746
697
712
289
625
953
462
302
79
41
823
908
665
36
732
809
66
291
591
583
252
479
530
224
788
309
366
352
402
545
113
967
454
723
14
20
308
644
713
482
336
289
496
326
530
167
522
830
91
116
747
395
958
756
262
703
511
481
449
888
599
306
492
803
445
316
889
785
765
491
589
124
741
898
725
682
131
398
906
753
312
790
301
945
447
197
27
573
589
934
209
529
899
15
592
92
575
814
354
127
374
566
594
973
645
603
712
32
298
561
906
626
143
504
836
361
431
554
24
416
735
243
454
932
494
648
357
596
788
536
759
200
566
741
217
219
832
819
487
473
241
64
516
857
218
490
504
707
342
475
175
786
171
232
888
866
976
253
619
642
460
218
218
667
949
89
488
568
526
860
4
772
734
259
270
6
424
204
313
159
205
25
951
721
635
293
712
410
465
366
74
23
416
764
49
817
507
152
256
562
495
414
78
912
59
259
258
841
137
590
383
869
939
282
880
479
454
730
556
195
409
580
99
913
798
318
790
344
80
468
922
179
347
231
597
607
903
310
223
10
845
905
58
93
759
912
906
43
76
552
670
671
353
837
12
889
912
377
56
585
852
715
421
330
51
840
697
848
826
198
341
274
740
339
875
400
603
474
126
973
973
581
788
629
799
475
959
80
917
91
783
773
712
655
953
279
701
706
147
355
100
498
261
591
630
374
960
917
406
759
618
981
641
131
920
534
453
397
51
301
197
910
211
851
42
919
30
674
979
764
937
656
590
337
997
643
652
632
827
659
56
97
304
771
680
344
561
632
666
235
71
327
824
1
948
851
780
603
380
84
684
757
605
304
358
294
742
37
4
707
131
660
89
455
303
680
970
934
951
404
446
349
93
672
158
772
891
532
621
347
227
555
16
303
941
833
190
622
345
893
192
430
160
767
170
810
318
690
224
52
411
203
785
219
61
919
191
711
294
937
253
103
316
625
639
641
139
45
316
218
293
747
879
633
10
356
665
536
823
603
392
258
771
820
139
566
229
325
804
786
983
847
388
632
253
405
137
283
678
659
706
786
313
143
713
244
489
844
896
602
210
930
692
457
241
950
229
212
222
32
747
869
245
575
818
204
584
822
198
942
942
899
375
327
479
66
950
464
286
573
294
137
557
423
427
95
715
403
453
735
1
145
782
848
456
490
679
461
844
70
599
888
395
733
795
368
94
114
46
795
583
321
714
332
257
906
301
277
651
218
109
558
388
121
372
228
208
326
572
50
753
77
266
227
502
337
31
629
215
353
274
343
758
838
478
595
255
331
362
84
16
459
220
16
865
719
292
175
461
301
759
715
207
129
681
261
893
399
377
189
360
14
728
314
225
534
914
94
549
674
434
211
986
863
802
279
31
810
968
187
791
190
410
592
886
875
763
352
58
815
562
571
322
465
418
198
554
656
108
453
909
576
646
114
313
692
759
643
462
860
904
959
663
209
564
233
478
716
616
107
979
466
971
76
886
498
150
442
136
36
37
344
550
355
980
473
957
324
859
570
294
260
674
339
259
382
660
430
760
682
664
358
114
142
19
753
163
121
94
398
587
98
142
303
968
533
982
568
519
277
622
517
720
635
55
263
285
189
628
7
290
655
387
641
742
741
793
802
897
262
193
882
131
482
573
443
203
965
75
807
805
513
472
797
690
295
784
532
155
110
884
173
78
714
633
477
119
718
15
472
328
793
199
999
177
525
948
498
495
890
906
334
385
399
338
520
829
481
99
680
87
802
890
839
339
883
67
544
357
457
444
642
152
59
616
59
987
353
530
958
613
838
85
86
569
479
683
400
370
882
146
116
760
407
447
388
41
658
119
28
457
198
17
432
321
427
205
344
563
304
47
694
91
961
644
109
959
969
42
108
648
49
228
929
527
967
316
582
840
575
503
911
305
989
836
369
587
232
452
900
952
81
995
562
739
705
5
557
490
294
361
900
47
205
145
846
658
849
680
148
96
210
690
19
831
679
726
528
15
564
847
721
9
700
446
858
699
271
977
533
154
756
871
912
727
968
569
163
618
685
650
807
393
276
304
911
233
42
400
162
51
734
933
366
16
177
360
742
725
868
489
501
632
365
196
496
744
145
501
880
248
683
500
389
620
91
721
859
665
416
481
320
865
126
757
963
781
240
330
518
824
935
51
309
18
863
1
749
658
577
579
509
154
923
397
687
959
617
637
623
174
775
608
306
1000
957
641
472
726
305
714
643
708
631
489
829
746
732
732
669
422
54
900
682
666
957
109
454
964
933
140
195
24
657
231
169
128
537
264
46
4
900
802
68
450
126
58
398
486
451
335
162
106
745
969
432
159
634
565
16
610
503
511
752
55
469
829
692
177
211
499
115
984
818
233
424
976
371
406
334
784
676
168
427
432
531
337
677
537
1000
379
103
785
943
412
572
828
771
939
594
19
500
376
689
776
474
575
953
143
510
221
615
599
567
545
727
558
307
564
331
568
881
649
746
393
237
517
521
213
820
199
813
14
803
448
207
86
123
220
158
944
424
311
399
59
253
233
312
790
849
202
552
653
788
893
113
498
442
929
86
12
318
258
524
579
424
468
364
81
399
896
151
626
367
837
640
124
572
408
358
895
884
523
438
278
25
729
996
956
188
519
35
311
195
829
784
904
99
443
