485
326
248
421
322
795
43
845
955
252
9
901
122
94
738
574
715
882
367
984
299
433
682
72
874
138
856
145
995
529
199
277
97
719
242
107
122
70
98
600
645
267
972
895
213
748
487
923
29
674
540
554
467
46
710
553
191
724
730
988
90
340
549
196
865
678
570
936
722
651
123
431
508
585
853
642
992
725
286
812
859
663
88
179
187
619
261
846
192
261
514
886
530
849
294
799
391
330
298
790
275
826
72
866
951
748
685
956
564
183
400
721
207
323
611
116
109
795
343
862
685
10
881
984
403
360
449
541
272
877
359
707
308
770
30
208
311
100
939
422
785
370
989
969
143
972
28
61
638
348
347
66
391
638
295
826
196
449
855
143
487
140
564
615
135
564
360
793
163
859
760
711
662
159
660
268
948
315
676
341
689
894
706
490
478
671
932
899
237
187
472
772
98
906
911
635
225
823
164
343