94
506
416
992
649
237
457
815
446
422
791
359
667
598
7
544
334
766
994
893
633
131
428
700
617
874
720
419
794
196
997
116
908
539
707
569
537
931
726
487
772
513
81
943
58
303
764
536
724
789
479
142
339
641
196
494
66
824
208
711
800
314
289
401
466
689
833
225
244
849
113
379
361
65
486
686
286
889
24
491
891
90
181
214
17
472
418
419
356
682
306
201
385
952
500
194
737
324
992
224
260
97
210
649
919
63
958
804
518
428
537
346
153
971
662
197
91
529
126
747
469
770
934
723
895
568
172
958
383
308
970
583
48
930
569
3
20
609
887
825
930
904
241
379
376
962
889
443
216
338
160
406
159
31
204
420
153
425
331
565
838
9
918
533
232
957
591
576
746
377
858
86
434
558
279
840
735
574
126
912
739
821
625
917
201
993
149
52
759
267
256
783
117
516
180
25
380
712
266
216
