485
326
248
421
322
795
43
845
955
252
9
901
122
94
738
574
715
882
367
984
299
433
682
72
874
138
856
145
995
529
199
277
97
719
242
107
122
70
98
600
645
267
972
895
213
748
487
923
29
674
540
554
467
46
710
553
191
724
730
988
90
340
549
196
865
678
570
936
722
651
123
431
508
585
853
642
992
725
286
812
859
663
88
179
187
619
261
846
192
261
514
886
530
849
294
799
391
330
298
790
275
826
72
866
951
748
685
956
564
183
400
721
207
323
611
116
109
795
343
862
685
10
881
984
403
360
449
541
272
877
359
707
308
770
30
208
311
100
939
422
785
370
989
969
143
972
28
61
638
348
347
66
391
638
295
826
196
449
855
143
487
140
564
615
135
564
360
793
163
859
760
711
662
159
660
268
948
315
676
341
689
894
706
490
478
671
932
899
237
187
472
772
98
906
911
635
225
823
164
343
732
502
740
576
612
902
454
411
973
703
850
77
220
802
403
181
10
525
919
668
527
462
291
605
457
405
417
279
685
596
307
224
322
840
975
401
91
327
330
182
603
793
615
733
864
16
863
987
306
34
840
700
706
787
105
834
798
310
609
690
561
579
60
388
309
407
200
313
970
33
273
277
997
40
227
860
940
608
990
590
806
52
801
764
710
386
593
50
494
156
936
965
86
723
184
868
340
412
487
209
346
860
307
95
821
941
821
587
201
665
527
812
424
459
343
836
506
179
916
430
596
808
269
512
811
685
567
776
855
718
853
97
146
746
15
965
512
480
958
665
191
964
515
606
822
536
693
19
335
101
922
294
910
410
250
546
729
609
720
976
759
798
74
648
299
785
846
390
897
416
837
247
293
144
938
467
480
955
665
26
564
449
26
521
301
321
613
388
879
990
188
963
820
300
822
255
277
153
400
227
518
447
315
813
324
502
299
780
376
516
212
329
810
486
485
416
952
894
358
21
647
44
683
361
814
231
8
165
496
699
852
459
535
314
944
306
459
637
447
408
107
962
565
407
857
317
98
818
600
288
902
567
190
749
908
276
748
592
393
363
163
983
179
16
478
259
868
295
596
71
622
864
644
5
365
429
64
854
770
88
157
368
421
719
271
975
816
962
535
438
696
881
318
45
52
496
313
138
334
988
508
770
751
780
441
207
516
674
408
920
573
634
878
990
826
696
800
411
422
707
334
986
494
150
562
380
832
979
376
511
414
160
982
238
490
899
251
526
897
39
657
452
538
831
460
185
934
440
490
168
71
977
458
204
803
139
399
420
991
578
972
177
398
348
496
276
825
614
121
730
341
284
698
17
546
672
974
866
377
559
340
527
779
761
483
92
390
583
661
391
336
661
125
89
275
359
178
780
42
5
380
772
816
9
484
545
589
157
901
777
74
247
55
479
785
958
680
393
944
596
619
611
852
283
299
766
312
826
726
733
805
679
403
964
337
541
478
369
946
821
833
837
490
37
594
129
258
246
362
755
504
71
177
176
803
237
677
33
115
597
769
536
956
341
184
234
569
216
537
84
810
657
33
159
520
668
287
229
374
474
672
915
511
123
569
199
396
715
59
610
917
927
270
117
516
215
216
237
615
499
477
760
285
56
966
622
221
194
91
347
252
473
516
385
357
958
665
792
64
420
671
968
877
177
523
139
152
732
246
565
740
902
17
973
298
611
32
11
337
136
889
522
805
28
931
757
609
544
905
595
246
113
175
156
244
883
265
883
462
485
272
204
984
409
398
909
370
882
214
766
35
421
271
370
848
50
976
270
796
963
379
991
551
897
307
421
74
388
559
980
615
681
231
207
818
331
979
445
348
724
401
646
668
242
302
861
830
77
441
589
990
189
868
996
363
237
420
565
214
333
726
175
58
625
66
169
475
204
90
496
1
474
449
252
332
287
189
889
63
378
206
897
230
382
575
60
529
477
290
89
961
461
702
532
680
53
642
1000
891
822
152
324
633
267
381
272
506
419
461
526
978
468
729
795
581
383
226
421
386
273
484
676
107
229
902
962
105
84
991
701
689
655
600
538
499
881
981
473
383
679
573
589
480
145
624
923
915
232
974
735
678
640
644
212
123
253
943
18
916
327
640
615
470
655
288
401
840
633
707
424
682
194
855
190
728
178
275
88
367
544
738
963
460
266
727
33
442
628
384
244
482
765
446
247
913
560
528
594
935
462
621
660
564
302
936
592
724
118
299
251
129
96
167
169
381
976
767
837
407
203
387
735
706
335
40
821
131
159
978
53
849
478
19
230
453
336
931
588
449
566
272
883
731
80
213
177
872
626
940
150
379
833
517
724
973
581
839
272
412
839
492
553
718
738
839
390
588
523
630
770
746
49
369
537
115
215
971
602
551
40
494
252
158
72
177
667
483
815
19
745
339
614
302
319
670
513
566
27
322
645
210
841
925
521
975
269
929
478
970
684
231
673
348
232
727
597
397
539
907
892
699
408
361
789
529
190
880
236
715
718
439
814
902
658
410
412
90
678
951
37
593
737
211
134
847
490
95
435
737
860
310
548
984
660
86
635
941
56
372
650
964
735
682
151
283
773
643
898
817
269
731
507
841
207
752
318
126
153
101
560
743
816
980
1
82
886
377
465
753
842
547
580
754
37
548
896
656
537
78
540
597
314
845
361
930
654
841
810
98
814
898
237
236
397
468
160
168
189
123
783
991
775
565
906
604
233
693
209
279
231
675
370
814
276
238
710
931
879
492
81
347
417
582
801
195
403
247
356
627
858
803
236
572
485
586
748
235
859
788
345
861
342
779
595
963
260
366
835
733
834
442
773
880
873
793
173
402
60
628
19
146
685
138
593
202
500
89
433
63
514
865
393
269
111
614
272
973
609
236
496
24
871
227
420
850
127
170
224
722
189
597
286
22
957
536
221
281
238
531
449
735
670
646
272
605
394
508
537
955
477
969
692
963
829
638
206
185
187
129
300
114
305
199
916
839
899
452
185
561
848
191
830
860
873
649
591
974
974
452
397
350
597
13
392
343
756
387
924
188
68
552
166
435
14
797
254
300
431
367
197
233
149
62
38
69
425
810
878
503
308
798
437
798
36
583
412
195
878
388
438
532
3
268
417
277
229
445
380
974
248
433
1000
874
939
760
473
811
766
306
556
521
364
460
136
458
784
648
783
960
137
591
875
440
263
40
835
943
749
263
597
5
999
161
35
891
459
996
592
54
985
401
298
459
77
611
159
467
737
895
49
382
285
388
972
265
729
810
973
818
295
532
58
736
187
896
998
997
476
259
475
494
130
151
639
855
480
478
386
672
361
894
460
148
660
628
329
975
1
507
750
109
915
700
75
896
229
85
144
536
919
516
473
25
25
611
44
722
980
563
672
914
541
882
142
259
35
543
689
721
142
530
503
450
248
599
919
636
181
873
154
427
604
313
363
594
813
829
49
791
554
499
226
345
432
758
64
843
637
941
965
448
857
968
351
758
351
980
662
357
914
548
723
23
170
351
113
783
766
527
206
644
258
861
728
69
128
392
145
51
112
253
340
932
817
965
480
724
839
500
746
811
373
605
252
172
394
177
98
377
486
855
290
130
355
842
233
101
686
736
930
700
69
607
879
916
960
408
679
138
185
782
49
453
630
429
853
545
651
765
159
1000
179
717
885
32
838
186
470
185
921
376
986
934
171
645
46
681
43
234
103
496
389
931
579
132
908
772
677
343
703
139
344
387
909
539
304
655
378
92
862
411
362
397
290
152
611
173
137
946
365
475
982
920
802
66
778
744
464
313
341
685
331
85
676
91
534
166
51
966
841
625
114
16
113
826
506
738
564
455
735
264
548
738
853
575
569
365
620
264
193
21
373
84
250
288
132
151
419
521
974
655
648
737
298
187
981
965
954
166
248
636
560
563
24
896
803
16
274
714
449
229
280
423
868
124
970
231
935
808
23
210
88
151
770
555
613
866
223
303
305
306
900
964
397
898
59
628
225
537
612
633
314
478
981
904
819
108
179
152
598
349
80
762
314
513
205
584
652
894
198
143
671
302
611
631
526
526
403
231
830
283
864
755
159
220
447
800
833
805
791
412
857
408
895
360
827
971
961
519
335
238
883
222
886
708
475
876
123
127
384
745
284
429
685
512
503
599
983
462
992
270
491
282
831
167
115
661
564
934
608
513
53
659
646
164
763
825
949
355
811
164
851
289
392
224
460
903
347
638
101
587
797
881
210
243
969
298
253
593
453
657
72
222
319
61
694
384
801
136
536
958
647
526
28
904
509
884
565
601
323
522
192
103
451
867
602
783
311
994
172
51
389
237
721
597
492
331
380
259
726
55
501
459
790
4
634
117
601
808
544
542
590
827
817
617
32
879
692
685
88
911
546
580
997
937
988
351
661
630
360
908
203
479
251
162
905
167
862
369
181
765
251
909
645
568
847
538
540
99
423
246
165
544
52
131
372
471
625
684
378
534
73
540
671
127
412
972
823
663
784
588
496
170
153
199
152
258
283
289
608
463
180
329
221
294
125
625
427
796
151
867
122
370
840
115
875
912
85
969
714
971
743
198
635
41
640
731
222
536
165
311
124
773
923
280
257
961
267
238
810
171
288
389
566
74
813
49
175
754
457
897
512
68
236
574
893
615
857
538
72
292
916
804
656
379
67
280
361
984
271
489
256
882
225
529
510
1000
191
813
898
420
470
619
377
465
887
764
55
727
844
644
181
171
545
439
547
417
205
500
332
820
416
243
854
66
236
568
969
706
295
167
773
279
661
727
838
404
743
234
529
191
832
537
366
880
940
745
37
672
809
682
979
300
511
732
868
618
769
186
584
832
716
472
272
498
365
583
479
898
133
646
915
55
213
623
875
513
356
586
16
984
422
354
214
890
212
27
769
835
232
254
642
476
919
912
754
734
967
41
259
926
840
544
908
225
69
121
523
678
593
665
314
992
596
358
524
163
942
537
182
204
208
653
848
532
103
871
932
507
986
613
323
590
377
905
932
474
606
389
671
360
845
646
99
609
501
764
598
242
390
61
259
519
826
942
282
896
982
276
301
952
856
428
255
723
280
937
37
901
456
996
590
455
510
667
829
51
383
340
915
797
547
1000
335
785
797
299
343
281
282
264
78
134
126
862
190
340
724
271
701
464
405
230
153
923
813
686
925
21
58
295
900
956
86
346
427
221
202
417
424
943
883
290
47
269
775
379
121
362
534
828
388
908
394
282
432
443
737
584
206
328
848
805
337
488
519
362
230
393
353
275
845
377
202
971
431
508
825
226
719
540
973
480
347
536
842
640
211
687
579
168
678
244
479
749
49
177
805
345
569
926
273
743
885
816
151
75
863
636
645
859
817
355
930
850
282
549
115
394
465
153
650
615
846
184
15
304
437
943
929
535
388
523
515
45
657
748
49
369
374
140
282
816
463
527
533
747
921
699
318
854
938
663
360
188
685
709
825
150
332
577
739
755
614
497
519
439
960
644
761
310
654
973
641
551
465
624
214
435
383
449
354
628
855
25
34
561
68
914
333
294
768
448
698
742
32
671
716
83
163
953
671
657
748
799
289
248
30
749
740
353
644
808
72
422
376
952
883
707
619
664
866
161
894
707
143
607
321
87
899
65
162
651
458
579
203
281
108
429
782
86
863
750
250
311
320
337
21
596
993
997
961
807
881
127
985
523
617
47
994
614
259
986
564
1
787
204
993
156
87
579
226
709
177
985
951
32
801
800
61
701
61
429
695
230
42
487
527
112
249
334
75
599
525
510
826
100
721
843
374
48
285
645
938
888
527
579
779
680
716
977
417
850
974
972
524
902
156
225
344
737
615
292
451
648
529
773
724
699
422
73
700
956
500
481
910
135
52
804
31
850
32
581
520
556
309
441
57
455
488
695
518
679
290
111
83
42
926
462
201
167
143
78
849
305
517
168
101
43
174
203
51
644
358
523
387
978
89
421
814
48
926
319
87
705
483
618
475
756
773
753
370
360
815
609
405
607
495
233
72
388
110
545
391
574
742
76
362
781
163
447
386
426
357
97
443
456
170
739
818
991
829
456
590
237
748
803
321
685
387
901
118
202
283
333
122
241
551
816
660
436
435
865
438
660
13
727
99
204
494
763
529
666
312
824
239
967
446
668
677
755
208
491
152
756
358
585
876
293
322
550
530
201
713
240
282
975
432
39
719
4
80
874
568
887
667
644
258
717
199
371
704
531
576
733
477
50
295
50
223
578
351
87
435
1
764
287
53
779
860
241
599
929
15
935
558
203
913
698
514
529
356
904
75
235
560
688
959
678
685
283
233
687
661
746
337
775
100
748
168
143
801
830
986
451
876
906
523
257
64
787
108
392
640
845
862
659
291
655
100
429
745
978
498
525
237
192
993
233
451
312
210
476
897
710
680
849
591
397
889
807
112
726
675
485
113
896
536
524
983
504
92
42
179
511
651
83
54
881
422
488
663
858
380
825
234
928
419
660
696
606
982
310
987
780
349
182
200
529
162
6
477
756
776
331
882
220
964
130
138
252
78
179
464
195
446
967
164
917
465
315
557
701
970
125
887
245
347
115
836
538
572
513
684
450
512
1
799
295
805
866
526
818
137
275
487
298
719
590
736
813
410
176
273
643
487
805
532
944
821
254
366
961
621
796
597
43
667
363
985
296
893
378
397
475
449
431
444
352
184
262
686
167
239
824
658
272
979
237
267
750
794
244
166
814
358
496
319
454
906
970
697
928
396
531
205
6
395
617
439
629
241
734
989
684
416
742
969
476
622
703
188
551
954
672
363
434
694
188
548
789
853
454
983
319
660
244
390
740
322
238
911
945
121
678
734
220
660
368
774
638
497
248
367
538
359
112
286
789
46
641
17
149
19
742
538
972
363
150
289
709
516
1
124
419
401
632
201
934
860
950
736
983
916
571
507
408
807
917
710
590
830
446
273
649
125
963
827
280
241
457
606
240
570
208
992
755
184
146
205
819
488
490
831
958
478
158
344
824
962
910
484
134
389
397
290
695
258
893
817
539
959
21
317
237
75
36
625
827
904
908
595
730
223
705
789
996
928
50
424
443
961
180
600
941
556
644
901
360
427
387
517
636
709
497
557
302
216
420
743
833
918
719
235
980
194
806
184
720
626
510
728
793
652
359
937
714
402
547
409
715
432
190
535
356
259
477
943
537
641
449
699
893
845
787
916
601
537
983
872
236
43
907
931
585
27
886
216
158
681
11
895
209
57
413
607
483
24
114
450
382
525
779
413
608
683
879
870
816
699
653
630
509
948
856
791
716
693
58
269
168
46
564
782
233
5
1
516
872
996
248
447
711
325
849
220
362
560
796
859
722
529
127
986
486
725
39
341
50
74
283
759
362
84
109
488
325
212
738
742
844
585
335
509
185
905
124
874
299
445
346
745
582
514
790
628
997
549
461
108
946
412
192
279
145
537
479
458
202
775
999
23
374
421
566
870
367
576
835
732
618
714
936
280
389
527
426
355
939
308
341
717
869
137
18
653
888
917
474
647
907
326
417
764
607
320
566
704
359
346
343
829
319
983
783
42
743
648
274
71
119
124
709
992
442
49
640
856
237
970
829
965
142
489
920
784
927
27
926
867
90
81
704
530
324
203
975
685
716
492
647
98
962
739
6
84
826
757
83
33
632
46
433
693
108
727
571
545
997
238
247
600
23
275
317
190
335
318
207
817
667
44
400
154
420
809
511
50
5
493
35
351
803
689
469
814
612
977
675
16
954
817
737
791
375
97
855
575
544
242
968
375
396
272
318
143
852
176
929
154
986
377
927
899
283
596
458
377
671
22
199
844
269
811
723
151
298
986
790
750
24
629
745
671
208
727
521
499
171
621
771
915
562
592
872
900
611
967
928
229
557
599
704
334
120
380
838
9
215
463
553
570
439
623
203
240
407
42
968
307
544
731
879
590
684
586
917
900
201
346
926
92
461
947
238
94
480
286
241
605
591
255
73
148
429
274
46
715
833
1000
396
722
660
360
682
154
698
777
511
745
422
500
221
467
776
740
88
483
264
750
797
818
681
283
277
172
89
43
73
960
829
802
645
262
311
21
143
440
649
219
286
947
1
677
229
597
637
512
911
902
886
719
362
529
182
315
398
193
475
53
629
950
308
184
10
104
480
641
540
56
236
432
642
547
867
662
149
136
269
7
251
599
634
543
80
873
806
774
892
68
725
766
722
790
485
929
564
503
696
957
290
345
993
898
2
537
788
615
70
341
56
194
195
837
62
175
14
779
752
517
382
829
917
703
351
176
529
222
219
260
351
505
504
132
824
518
334
660
979
896
815
515
413
377
720
584
120
158
396
399
813
168
645
595
723
7
156
123
120
503
926
318
932
892
631
209
147
479
119
13
33
728
986
75
685
387
521
394
488
518
603
172
317
70
81
215
504
279
163
368
513
123
565
759
760
503
246
199
816
883
453
908
533
256
628
524
840
281
183
377
479
868
819
971
407
96
225
408
76
79
306
510
333
675
618
517
690
113
518
926
335
195
488
704
568
271
48
584
245
595
538
558
837
19
780
804
460
830
46
583
630
118
410
646
515
694
283
200
787
252
471
48
553
646
711
146
874
854
412
748
781
216
953
672
929
16
781
726
947
495
927
452
32
645
426
336
164
349
624
689
851
45
217
651
510
205
211
73
411
277
272
243
791
225
869
288
556
982
431
370
270
908
437
22
559
867
347
299
376
208
459
128
801
167
859
360
902
103
779
583
498
411
757
403
836
477
965
837
726
515
537
736
442
692
600
334
326
105
564
80
975
326
81
236
494
688
493
110
344
38
704
857
47
161
619
453
948
381
115
320
342
56
444
487
162
352
375
36
602
391
198
398
400
728
685
998
930
664
585
430
476
815
994
506
635
695
842
360
670
305
188
993
397
932
280
327
316
960
515
239
358
148
153
46
27
261
93
982
132
113
493
983
700
85
400
272
262
756
865
845
787
121
19
304
483
376
524
362
872
403
108
920
112
913
157
768
234
367
170
907
645
360
25
786
637
806
763
195
840
369
777
60
835
140
790
220
271
100
785
54
159
954
665
302
241
894
585
979
778
347
675
198
532
960
86
167
218
451
210
740
184
917
249
716
765
834
470
765
738
951
838
763
985
284
251
730
8
810
845
416
454
372
145
262
699
159
460
862
257
355
327
595
919
785
18
590
762
652
730
988
819
850
876
418
150
562
577
932
158
334
859
383
644
864
276
924
63
286
931
798
955
743
231
216
404
557
235
585
249
154
259
673
867
621
427
339
221
348
716
307
11
457
728
39
797
679
275
640
707
100
538
311
415
198
165
394
408
832
478
302
883
4
336
428
778
159
779
86
687
106
20
776
174
940
343
897
104
675
127
289
573
2
225
515
910
570
799
442
563
251
272
925
864
689
490
220
919
89
19
994
259
275
9
539
224
375
166
805
798
354
63
568
29
208
274
984
576
616
701
879
564
781
876
77
623
282
193
994
787
50
283
608
682
15
409
395
945
345
478
210
415
20
356
773
212
77
771
246
908
387
305
682
340
975
792
127
905
278
341
381
461
179
28
447
27
456
279
385
72
723
526
617
562
786
262
847
2
578
868
646
523
689
713
315
242
729
205
459
630
998
69
790
327
980
750
448
680
851
865
228
414
949
943
729
656
364
989
343
135
678
430
64
885
643
493
337
279
659
82
120
741
433
113
293
462
924
377
667
991
659
496
197
474
798
481
83
160
842
871
108
522
282
409
899
889
680
846
965
483
92
80
511
655
233
155
889
189
796
516
543
552
630
676
324
341
951
251
663
556
891
759
959
667
614
429
912
768
569
628
262
373
268
879
447
931
428
297
219
578
116
80
781
620
5
444
744
487
176
230
948
753
591
363
544
276
162
929
143
793
238
806
413
742
805
854
489
490
834
587
651
821
67
652
380
619
727
648
194
183
16
322
523
130
648
172
950
195
941
221
223
61
30
197
794
998
716
238
477
516
956
322
872
328
42
529
397
36
221
482
122
478
207
798
243
525
332
274
578
384
967
163
361
372
946
337
124
124
412
670
274
496
210
446
746
505
688
375
560
696
375
872
951
732
895
427
261
154
339
500
36
797
641
441
293
429
369
617
12
793
595
831
833
951
763
975
435
384
390
733
684
239
140
250
130
768
166
144
425
323
502
371
131
519
155
663
330
657
4
462
578
261
674
873
522
241
472
220
425
934
28
452
226
512
749
769
866
291
444
654
478
213
525
6
296
425
237
766
545
872
203
696
821
599
784
115
308
933
601
445
476
803
41
779
578
636
137
837
944
156
442
221
285
131
407
6
346
545
790
94
289
217
189
598
126
655
190
62
504
324
285
860
534
510
366
907
683
106
226
214
44
612
248
260
854
467
765
834
786
192
871
871
555
717
563
337
157
631
780
626
885
389
669
447
733
256
211
244
862
387
629
723
381
803
638
436
680
710
487
524
800
453
335
752
671
35
941
312
425
453
473
558
260
369
656
486
193
457
39
134
306
247
765
876
796
776
635
188
708
291
116
586
916
897
807
233
76
500
746
4
418
825
654
851
709
656
463
210
611
264
651
600
728
174
976
651
272
220
760
654
90
123
333
428
284
539
743
268
307
744
563
437
994
133
515
400
383
201
490
499
411
222
46
298
976
126
814
694
555
183
356
15
673
862
922
907
115
669
278
551
244
846
807
666
383
311
495
527
459
117
865
656
624
427
737
973
209
538
809
925
82
96
720
954
642
27
722
271
423
693
61
666
862
503
959
364
297
631
507
461
929
428
675
986
459
598
732
49
692
536
103
217
896
672
843
765
420
387
366
719
401
787
627
438
362
698
355
370
226
342
902
749
616
29
40
41
356
64
22
502
441
417
696
874
635
934
775
41
840
550
813
932
937
920
465
67
447
289
890
213
656
332
169
501
793
25
577
76
786
8
688
627
543
453
429
728
916
811
593
613
574
283
208
806
806
972
807
193
166
609
397
485
195
592
428
381
131
159
238
420
78
335
322
441
983
75
526
906
322
231
780
354
125
522
295
508
368
638
868
855
535
125
764
538
620
3
302
630
679
624
951
105
96
389
899
567
729
619
866
641
790
185
422
999
86
517
689
335
937
319
521
845
793
267
486
923
875
677
832
520
101
668
283
706
127
937
324
222
492
631
706
268
183
410
872
421
248
66
879
534
351
199
654
677
797
963
724
376
943
917
929
963
68
282
963
912
908
124
884
814
528
781
958
212
151
570
257
980
148
433
969
507
762
773
370
925
154
135
565
83
913
36
819
86
381
987
14
74
870
925
268
862
687
997
605
752
523
408
74
972
242
820
798
987
683
530
878
909
202
565
610
