482
257
286
517
404
713
45
924
873
160
1
838
40
58
676
627
766
862
405
923
379
461
612
133
813
97
908
165
996
623
220
298
157
723
144
48
129
148
35
644
632
272
1040
977
312
778
567
965
1
616
569
628
493
76
733
575
288
775
723
912
64
354
565
210
922
775
566
934
626
742
194
485
483
617
876
653
896
652
220
727
900
563
56
157
280
537
284
920
124
239
459
931
504
910
382
795
485
351
289
865
250
738
75
788
947
651
595
993
663
265
338
637
206
328
618
64
139
806
412
912
715
1
929
1025
410
273
507
450
174
882
427
787
355
734
1
248
397
159
874
449
857
286
976
908
103
1071
1
117
697
424
439
74
442
568
195
854
281
433
845
224
487
181
496
690
124
575
374
766
149
776
793
674
696
90
732
214
935
228
619
349
734
964
644
484
491
628
1009
944
315
92
554
757
88
952
818
628
316
818
255
432
763
490
721
587
530
992
491
343
880
645
761
152
241
727
352
246
1
479
958
749
551
538
319
580
501
487
349
252
731
637
339
257
271
740
1002
404
190
254
277
100
648
810
535
702
855
76
773
917
279
123
922
613
658
705
101
807
883
358
634
786
618
644
141
466
340
495
283
352
886
95
291
217
1007
1
219
764
1025
600
895
690
738
1
772
727
774
340
503
1
432
228
993
1058
130
821
189
943
343
404
560
196
418
782
314
59
778
979
828
584
122
741
566
760
385
395
250
789
492
261
914
380
537
731
361
473
737
708
635
804
827
695
756
57
178
688
1
871
415
510
1057
764
193
905
583
696
887
444
741
12
313
81
828
354
981
499
283
545
635
540
689
946
730
703
14
644
241
793
912
461
801
424
744
272
338
193
987
432
505
944
653
38
468
461
1
576
329
274
701
432
851
915
137
927
903
373
770
160
285
231
366
317
423
420
216
772
271
566
243
725
390
491
225
392
781
434
535
368
938
946
353
1
707
143
630
364
822
147
54
91
431
606
917
553
473
222
954
369
413
717
491
447
44
994
518
448
931
369
181
815
655
267
960
611
271
771
993
359
810
563
360
264
199
1074
131
41
423
197
779
344
536
140
669
938
715
67
321
434
19
928
759
178
160
277
467
653
330
966
817
1045
508
492
743
884
259
56
1
421
270
99
429
1004
512
702
657
862
516
246
592
641
390
831
522
611
825
929
734
718
883
355
426
668
235
1080
397
137
648
342
799
1067
313
452
441
214
1059
260
579
897
316
526
909
139
634
384
577
840
509
262
934
513
556
97
107
937
370
193
802
134
390
439
1034
636
1008
191
429
445
483
347
769
540
212
789
317
381
714
24
570
771
1052
776
290
470
367
626
879
688
553
112
440
510
741
473
289
574
85
36
362
310
129
763
31
69
470
739
726
57
476
498
669
112
934
854
112
246
1
481
883
1051
763
417
900
573
601
588
900
327
199
847
240
862
635
680
806
767
495
870
259
476
512
467
1001
798
819
835
502
119
652
82
242
215
291
687
550
1
249
203
865
189
758
90
188
621
807
481
1031
349
222
260
551
245
631
183
873
656
5
137
579
656
373
232
352
428
598
943
582
120
573
218
347
628
1
642
959
983
186
60
513
143
234
290
597
452
521
837
267
20
1027
690
235
199
186
374
244
424
438
385
337
945
686
698
16
464
655
911
839
144
535
65
230
806
312
578
699
817
105
886
360
658
53
1
319
36
879
595
721
80
981
838
654
480
973
647
243
152
183
140
263
856
338
792
403
560
238
214
1011
453
330
819
469
882
279
811
82
341
271
397
876
128
1016
243
843
949
451
1091
594
867
353
471
100
401
591
884
607
651
209
133
741
372
950
403
419
780
345
618
766
335
288
795
777
117
541
499
1025
217
799
944
329
232
367
552
220
353
811
176
35
548
1
142
400
298
27
421
40
462
359
299
395
382
206
980
1
285
109
813
219
361
601
155
442
405
253
57
894
548
763
542
704
44
545
1018
803
730
59
423
590
266
325
307
422
403
524
613
1033
403
820
777
631
298
302
505
461
351
556
638
152
236
831
882
38
100
1006
661
596
748
528
587
492
783
1017
546
368
618
662
563
553
161
612
926
972
249
948
662
735
682
722
146
75
276
890
1
1007
302
607
646
488
565
239
448
906
564
647
339
757
213
829
229
703
257
255
123
321
517
768
1040
439
282
739
128
471
714
467
298
411
760
435
245
865
658
457
694
882
415
555
705
525
276
871
582
639
181
200
201
35
5
85
239
359
948
771
804
457
284
485
803
629
358
13
808
68
96
956
101
767
577
1
278
388
318
847
592
494
615
265
806
754
94
113
203
896
712
1000
69
279
847
509
686
946
652
872
237
314
789
440
526
714
791
816
385
557
562
715
815
752
1
280
498
116
155
872
572
551
1
399
306
153
81
84
755
504
724
94
725
266
660
263
341
635
519
647
24
259
707
162
925
830
600
931
177
862
437
918
737
227
595
343
194
683
616
401
608
923
928
731
435
265
828
583
275
812
212
659
725
348
774
845
593
393
511
5
689
916
120
624
781
174
156
769
433
57
389
822
760
360
545
991
669
142
707
935
156
357
630
1041
734
730
166
223
834
648
918
781
362
760
454
853
294
779
407
86
182
49
623
786
765
981
29
69
914
448
476
752
847
609
660
700
1
616
963
735
615
143
582
525
253
877
321
988
562
866
754
193
846
977
220
310
375
512
112
176
262
123
826
1063
839
505
838
680
229
759
188
241
166
773
324
777
285
200
663
916
833
433
168
386
360
612
755
282
474
215
351
571
838
722
277
521
585
526
808
291
838
793
394
801
395
783
555
910
195
315
796
687
808
357
690
974
928
722
164
394
38
688
1
146
741
88
636
265
590
66
508
133
494
785
433
364
129
659
330
950
673
285
493
120
795
186
391
933
112
186
190
714
267
548
346
1
958
576
311
292
261
622
472
714
575
667
297
546
390
595
570
893
408
947
697
896
914
623
122
229
210
36
266
207
391
174
897
802
966
464
163
552
825
167
864
885
952
574
632
915
1037
471
364
331
671
34
405
273
844
438
888
174
1
581
112
406
3
782
186
228
483
346
220
237
249
51
1
106
430
855
834
484
240
781
394
805
23
527
418
182
783
347
478
435
18
332
373
282
273
486
358
884
329
491
1039
781
889
813
538
721
810
236
558
527
377
467
230
537
839
623
693
922
42
524
845
503
310
91
916
863
726
214
621
59
1029
118
1
933
377
926
675
1
1080
444
259
383
144
617
169
392
821
887
135
482
347
326
1048
353
691
822
1056
867
349
566
126
758
113
923
1063
914
564
221
536
465
124
222
669
774
565
431
471
602
371
821
447
122
749
706
367
898
17
584
815
53
878
735
38
880
233
1
147
595
841
584
425
1
1
682
22
798
954
615
585
976
448
917
178
346
113
641
652
819
235
509
602
519
305
608
911
546
205
799
112
440
669
313
441
601
815
898
133
808
463
471
215
325
402
671
113
933
585
945
891
502
798
982
258
691
307
901
670
338
921
642
793
1
214
326
35
755
747
497
233
551
348
921
675
122
173
397
81
112
179
245
300
1027
832
970
493
633
812
549
726
767
450
641
351
162
388
229
84
325
518
792
382
146
426
885
255
81
671
676
844
748
92
696
949
904
1037
345
681
130
123
684
9
464
551
364
845
450
645
853
155
1007
120
743
816
71
833
148
486
270
836
385
954
852
90
552
1
762
1
231
99
536
486
945
639
164
966
679
736
425
714
134
337
418
840
471
361
745
374
153
841
428
420
383
331
182
687
188
226
982
432
410
971
832
710
1
711
715
535
399
401
620
339
150
741
89
535
229
124
970
849
558
173
1
29
800
581
794
657
364
711
283
526
717
900
557
495
316
599
340
144
1
285
168
167
190
86
180
337
522
907
601
690
830
398
227
1017
870
979
149
330
655
565
624
11
813
821
1
291
809
406
192
188
494
769
115
945
312
859
809
61
110
149
192
742
600
580
771
230
258
383
312
951
962
467
966
63
571
182
473
624
619
275
551
1071
868
776
187
245
196
686
321
100
796
292
417
293
510
731
983
149
220
601
304
575
631
533
533
439
141
794
242
772
728
62
141
454
892
880
804
724
499
850
476
859
313
874
875
909
431
432
329
935
204
827
764
376
933
69
76
310
798
311
388
776
593
577
576
925
439
1064
236
393
267
766
146
28
579
539
902
527
586
1
725
706
120
752
828
887
321
775
188
766
253
483
130
419
886
440
579
45
666
736
792
219
194
938
225
161
576
439
663
172
225
402
1
750
448
739
218
522
1012
557
610
1
999
484
922
539
635
417
615
149
66
483
903
555
874
346
1027
187
1
332
193
796
561
417
248
358
190
653
54
496
395
729
1
715
170
666
711
457
504
598
829
864
657
1
815
593
709
90
820
553
528
948
1018
1069
433
563
617
367
897
263
545
270
212
967
227
779
346
86
684
291
992
712
664
896
547
466
193
438
323
88
549
120
218
273
500
651
696
432
542
46
458
639
207
507
1067
825
716
755
608
514
209
133
209
216
355
208
305
616
428
157
404
271
266
119
534
376
712
131
883
214
416
752
41
806
947
163
958
734
