482
257
286
517
404
713
45
924
873
160
1
838
40
58
676
627
766
862
405
923
379
461
612
133
813
97
908
165
996
623
220
298
157
723
144
48
129
148
35
644
632
272
1040
977
312
778
567
965
1
616
569
628
493
76
733
575
288
775
723
912
64
354
565
210
922
775
566
934
626
742
194
485
483
617
876
653
896
652
220
727
900
563
56
157
280
537
284
920
124
239
459
931
504
910
382
795
485
351
289
865
250
738
75
788
947
651
595
993
663
265
338
637
206
328
618
64
139
806
412
912
715
1
929
1025
410
273
507
450
174
882
427
787
355
734
1
248
397
159
874
449
857
286
976
908
103
1071
1
117
697
424
439
74
442
568
195
854
281
433
845
224
487
181
496
690
124
575
374
766
149
776
793
674
696
90
732
214
935
228
619
349
734
964
644
484
491
628
1009
944
315
92
554
757
88
952
818
628
316
818
255
432
763
490
721
587
530
992
491
343
880
645
761
152
241
727
352
246
1
479
958
749
551
538
319
580
501
487
349
252
731
637
339
257
271
740
1002
404
190
254
277
100
648
810
535
702
855
76
773
917
279
123
922
613
658
705
101
807
883
358
634
786
618
644
141
466
340
495
283
352
886
95
291
217
1007
1
219
764
1025
600
895
690
738
1
772
727
774
340
503
1
432
228
993
1058
130
821
189
943
343
404
560
196
418
782
314
59
778
979
828
584
122
741
566
760
385
395
250
789
492
261
914
380
537
731
361
473
737
708
635
804
827
695
756
57
178
688
1
871
415
510
1057
764
193
905
583
696
887
444
741
12
313
81
828
354
981
499
283
545
635
540
689
946
730
703
14
644
241
793
912
461
801
424
744
272
338
193
987
432
505
944
653
38
468
461
1
576
329
274
701
432
851
915
137
927
903
373
770
160
285
231
366
317
423
420
216
772
271
566
243
725
390
491
225
392
781
434
535
368
938
946
353
1
707
143
630
364
822
147
54
91
431
606
917
553
473
222
954
369
413
717
491
447
44
994
518
448
931
369
181
815
655
267
960
611
271
771
993
359
810
563
360
264
199
1074
131
41
423
197
779
344
536
140
669
938
715
67
321
434
19
928
759
178
160
277
467
653
330
966
817
1045
508
492
743
884
259
56
1
421
270
99
429
1004
