485
326
248
421
322
795
43
845
955
252
9
901
122
94
738
574
715
882
367
984
299
433
682
72
874
138
856
145
995
529
199
277
97
719
242
107
122
70
98
600
645
267
972
895
213
748
487
923
29
674
540
554
467
46
710
553
191
724
730
988
90
340
549
196
865
678
570
936
722
651
123
431
508
585
853
642
992
725
286
812
859
663
88
179
187
619
261
846
192
261
514
886
530
849
294
799
391
330
298
790
275
826
72
866
951
748
685
956
564
183
400
721
207
323
611
116
109
795
343
862
685
10
881
984
403
360
449
541
272
877
359
707
308
770
30
208
311
100
939
422
785
370
989
969
143
972
28
61
638
348
347
66
391
638
295
826
196
449
855
143
487
140
564
615
135
564
360
793
163
859
760
711
662
159
660
268
948
315
676
341
689
894
706
490
478
671
932
899
237
187
472
772
98
906
911
635
225
823
164
343
732
502
740
576
612
902
454
411
973
703
850
77
220
802
403
181
10
525
919
668
527
462
291
605
457
405
417
279
685
596
307
224
322
840
975
401
91
327
330
182
603
793
615
733
864
16
863
987
306
34
840
700
706
787
105
834
798
310
609
690
561
579
60
388
309
407
200
313
970
33
273
277
997
40
227
860
940
608
990
590
806
52
801
764
710
386
593
50
494
156
936
965
86
723
184
868
340
412
487
209
346
860
307
95
821
941
821
587
201
665
527
812
424
459
343
836
506
179
916
430
596
808
269
512
811
685
567
776
855
718
853
97
146
746
15
965
512
480
958
665
191
964
515
606
822
536
693
19
335
101
922
294
910
410
250
546
729
609
720
976
759
798
74
648
299
785
846
390
897
416
837
247
293
144
938
467
480
955
665
26
564
449
26
521
301
321
613
388
879
990
188
963
820
300
822
255
277
153
400
227
518
447
315
813
324
502
299
780
376
516
212
329
810
486
485
416
952
894
358
21
647
44
683
361
814
231
8
165
496
699
852
459
535
314
944
306
459
637
447
408
107
962
565
407
857
317
98
818
600
288
902
567
190
749
908
276
748
592
393
363
163
983
179
16
478
259
868
295
596
71
622
864
644
5
365
429
64
854
770
88
157
368
421
719
271
975
816
962
535
438
696
881
318
45
52
496
313
138
334
988
508
770
751
780
441
207
516
674
408
920
573
634
878
990
826
696
800
411
422
707
334
986
494
150
562
380
832
979
376
511
414
160
982
238
490
899
251
526
897
39
657
452
538
831
460
185
934
440
490
168
71
977
458
204
803
139
399
420
991
578
972
177
398
348
496
276
825
614
121
730
341
284
698
17
546
672
974
866
377
559
340
527
779
761
483
92
390
583
661
391
336
661
125
89
275
359
178
780
42
5
380
772
816
9
484
545
589
157
901
777
74
247
55
479
785
958
680
393
944
596
619
611
852
283
299
766
312
826
726
733
805
679
403
964
337
541
478
369
946
821
833
837
490
37
594
129
258
246
362
755
504
71
177
176
803
237
677
33
115
597
769
536
956
341
184
234
569
216
537
84
810
657
33
159
520
668
287
229
374
474
672
915
511
123
569
199
396
715
59
610
917
927
270
117
516
215
216
237
615
499
477
760
285
56
966
622
221
194
91
347
252
473
516
385
357
958
665
792
64
420
671
968
877
177
523
139
152
732
246
565
740
902
17
973
298
611
32
11
337
136
889
522
805
28
931
757
609
544
905
595
246
113
175
156
244
883
265
883
462
485
272
204
984
409
398
909
370
882
214
766
35
421
271
370
848
50
976
270
796
963
379
991
551
897
307
421
74
388
559
980
615
681
231
207
818
331
979
445
348
724
401
646
668
242
302
861
830
77
441
589
990
189
868
996
363
237
420
565
214
333
726
175
58
625
66
169
475
204
90
496
1
474
449
252
332
287
189
889
63
378
206
897
230
382
575
60
529
477
290
89
961
461
702
532
680
53
642
1000
891
822
152
324
633
267
381
272
506
419
461
526
978
468
729
795
581
383
226
421
386
273
484
676
107
229
902
962
105
84
991
701
689
655
600
538
499
881
981
473
383
679
573
589
480
145
624
923
915
232
974
735
678
640
644
212
123
253
943
18
916
327
640
615
470
655
288
401
840
633
707
424
682
194
855
190
728
178
275
88
367
544
738
963
460
266
727
33
442
628
384
244
482
765
446
247
913
560
528
594
935
462
621
660
564
302
936
592
724
118
299
251
129
96
167
169
381
976
767
837
407
203
387
735
706
335
40
821
131
159
978
53
849
478
19
230
453
336
931
588
449
566
272
883
731
80
213
177
872
626
940
150
379
833
517
724
973
581
839
272
412
839
492
553
718
738
839
390
588
523
630
770
746
49
369
537
115
215
971
602
551
40
494
252
158
72
177
667
483
815
19
745
339
614
302
319
670
513
566
27
322
645
210
841
925
521
975
269
929
478
970
684
231
673
348
232
727
597
397
539
907
892
699
408
361
789
529
190
880
236
715
718
439
814
902
658
410
412
90
678
951
37
593
737
211
134
847
490
95
435
737
860
310
548
984
660
86
635
941
56
372
650
964
735
682
151
283
773
643
898
817
269
731
507
841
207
752
318
126
153
101
560
743
816
980
1
82
886
377
465
753
842
547
580
754
37
548
896
656
537
78
540
597
314
845
361
930
654
841
810
98
814
898
237
236
397
468
160
168
189
123
783
991
775
565
906
604
233
693
209
279
231
675
370
814
276
238
710
931
879
492
81
347
417
582
801
195
403
247
356
627
858
803
236
572
485
586
748
235
859
788
345
861
342
779
595
963
260
366
835
733
834
442
773
880
873
793
173
402
60
628
19
146
685
138
593
202
500
89
433
63
514
865
393
269
111
614
272
973
609
236
496
24
871
227
420
850
127
170
224
722
189
597
286
22
957
536
221
281
238
531
449
735
670
646
272
605
394
508
537
955
477
969
692
963
829
638
206
185
187
129
300
114
305
199
916
839
899
452
185
561
848
191
830
860
873
649
591
974
974
452
397
350
597
13
392
343
756
387
924
188
68
552
166
435
14
797
254
300
431
367
197
233
149
62
38
69
425
810
878
503
308
798
437
798
36
583
412
195
878
388
438
532
3
268
417
277
229
445
380
974
248
433
1000
874
939
760
473
811
766
306
556
521
364
460
136
458
784
648
783
960
137
591
875
440
263
40
835
943
749
263
597
5
999
161
35
891
459
996
592
54
985
401
298
459
77
611
159
467
737
895
49
382
285
388
972
265
729
810
973
818
295
532
58
736
187
896
998
997
476
259
475
494
130
151
639
855
480
478
386
672
361
894
460
148
660
628
329
975
1
507
750
109
915
700
75
896
229
85
144
536
919
516
473
25
25
611
44
722
980
563
672
914
541
882
142
259
35
543
689
721
142
530
503
450
248
599
919
636
181
873
154
427
604
313
363
594
813
829
49
791
554
499
226
345
432
758
64
843
637
941
965
448
857
968
351
758
351
980
662
357
914
548
723
23
170
351
113
783
766
527
206
644
258
861
728
69
128
392
145
51
112
253
340
932
817
965
480
724
839
500
746
811
373
605
252
172
394
177
98
377
486
855
290
130
355
842
233
101
686
736
930
700
69
607
879
916
960
408
679
138
185
782
49
453
630
429
853
545
651
765
159
1000
179
717
885
32
838
186
470
185
921
376
986
934
171
645
46
681
43
234
103
496
389
931
579
132
908
772
677
343
703
139
344
387
909
539
304
655
378
92
862
411
362
397
290
152
611
173
137
946
365
475
982
920
802
66
778
744
464
313
341
685
331
85
676
91
534
166
51
966
841
625
114
16
113
826
506
738
564
455
735
264
548
738
853
575
569
365
620
264
193
21
373
84
250
288
132
151
419
521
974
655
648
737
298
187
981
965
954
166
248
636
560
563
24
896
803
16
274
714
449
229
280
423
868
124
970
231
935
808
23
210
88
151
770
555
613
866
223
303
305
306
900
964
397
898
59
628
225
537
612
633
314
478
981
904
819
108
179
152
598
349
80
762
314
513
205
584
652
894
198
143
671
302
611
631
526
526
403
231
830
283
864
755
159
220
447
800
833
805
791
412
857
408
895
360
827
971
961
519
335
238
883
222
886
708
475
876
123
127
384
745
284
429
685
512
503
599
983
462
992
270
491
282
831
167
115
661
564
934
608
513
53
659
646
164
763
825
949
355
811
164
851
289
392
224
460
903
347
638
101
587
797
881
210
243
969
298
253
593
453
657
72
222
319
61
694
384
801
136
536
958
647
526
28
904
509
884
565
601
323
522
192
103
451
867
602
783
311
994
172
51
389
237
721
597
492
331
380
259
726
55
501
459
790
4
634
117
601
808
544
542
590
827
817
617
32
879
692
685
88
911
546
580
997
937
988
351
661
630
360
908
203
479
251
162
905
167
862
369
181
765
251
909
645
568
847
538
540
99
423
246
165
544
52
131
372
471
625
684
378
534
73
540
671
127
412
972
823
663
784
588
496
170
153
199
152
258
283
289
608
463
180
329
221
294
125
625
427
796
151
867
122
370
840
115
875
912
85
969
714
