482
257
286
517
404
713
45
924
873
160
1
838
40
58
676
627
766
862
405
923
379
461
612
133
813
97
908
165
996
623
220
298
157
723
144
48
129
148
35
644
632
272
1040
977
312
778
567
965
1
616
569
628
493
76
733
575
288
775
723
912
64
354
565
210
922
775
566
934
626
742
194
485
483
617
876
653
896
652
220
727
900
563
56
157
280
537
284
920
124
239
459
931
504
910
382
795
485
351
289
865
250
738
75
788
947
651
595
993
663
265
338
637
206
328
618
64
139
806
412
912
715
1
929
1025
410
273
507
450
174
882
427
787
355
734
1
248
397
159
874
449
857
286
976
908
103
1071
1
117
697
424
439
74
442
568
195
854
281
433
845
224
487
181
496
690
124
575
374
766
149
776
793
674
696
90
732
214
935
228
619
349
734
964
644
484
491
628
1009
944
315
92
554
757
88
952
818
628
316
818
255
432
