482
257
286
517
404
713
45
924
873
160
1
838
40
58
676
627
766
862
405
923
379
461
612
133
813
97
908
165
996
623
220
298
157
723
144
48
129
148
35
644
632
272
1040
977
312
778
567
965
1
616
569
628
493
76
733
575
288
775
723
912
64
354
565
210
922
775
566
934
626
742
194
485
483
617
876
653
896
652
220
727
900
563
56
157
280
537
284
920
124
239
459
931
504
910
382
795
485
351
289
865
250
738
75
788
947
651
595
993
663
265
338
637
206
328
618
64
139
806
412
912
715
1
929
1025
410
273
507
450
174
882
427
787
355
734
1
248
397
159
874
449
857
286
976
908
103
1071
1
117
697
424
439
74
442
568
195
854
281
433
845
224
487
181
496
690
124
575
374
766
149
776
793
674
696
90
732
214
935
228
619
349
734
964
644
484
491
628
1009
944
315
92
554
757
88
952
818
628
316
818
255
432
763
490
721
587
530
992
491
343
880
645
761
152
241
727
352
246
1
479
958
749
551
538
319
580
501
487
349
252
731
637
339
257
271
740
1002
404
190
254
277
100
648
810
535
702
855
76
773
917
279
123
922
613
658
705
101
807
883
358
634
786
618
644
141
466
340
495
283
352
886
95
291
217
1007
1
219
764
1025
600
895
690
738
1
772
727
774
340
503
1
432
228
993
1058
130
821
189
943
343
404
560
196
418
782
314
59
778
979
828
584
122
741
566
760
385
395
250
789
492
261
914
380
537
731
361
473
737
708
635
804
827
695
756
57
178
688
1
871
415
510
1057
764
193
905
583
696
887
444
741
12
313
81
828
354
981
499
283
545
635
540
689
946
730
703
14
644
241
793
912
461
801
424
744
272
338
193
987
432
505
944
653
38
468
461
1
576
329
274
701
432
851
915
137
927
903
373
770
160
285
231
366
317
423
420
216
772
271
566
243
725
390
491
225
392
781
434
535
368
938
946
353
1
707
143
630
364
822
147
54
91
431
606
917
553
473
222
954
369
413
717
491
447
44
994
518
448
931
369
181
815
655
267
960
611
271
771
993
359
810
563
360
264
199
1074
131
41
423
197
779
344
536
140
669
938
715
67
321
434
19
928
759
178
160
277
467
653
330
966
817
1045
508
492
743
884
259
56
1
421
270
99
429
1004
512
702
657
862
516
246
592
641
390
831
522
611
825
929
734
718
883
355
426
668
235
1080
397
137
648
342
799
1067
313
452
441
214
1059
260
579
897
316
526
909
139
634
384
577
840
509
262
934
513
556
97
107
937
370
193
802
134
390
439
1034
636
1008
191
429
445
483
347
769
540
212
789
317
381
714
24
570
771
1052
776
290
470
367
626
879
688
553
112
440
510
741
473
289
574
85
36
362
310
129
763
31
69
470
739
726
57
476
498
669
112
934
854
112
246
1
481
883
1051
763
417
900
573
601
588
900
327
199
847
240
862
635
680
806
767
495
870
259
476
512
467
1001
798
819
835
502
119
652
82
242
215
291
687
550
1
249
203
865
189
758
90
188
621
807
481
1031
349
222
260
551
245
631
183
873
656
5
137
579
656
373
232
352
428
598
943
582
120
573
218
347
628
1
642
959
983
186
60
513
143
234
290
597
452
521
837
267
20
1027
690
235
199
186
374
244
424
438
385
337
945
686
698
16
464
655
911
839
144
535
65
230
806
312
578
699
817
105
886
360
658
53
1
319
36
879
595
721
80
981
838
654
480
973
647
243
152
183
140
263
856
338
792
403
560
238
214
1011
453
330
819
469
882
279
811
82
341
271
397
876
128
1016
243
843
949
451
1091
594
867
353
471
100
401
591
884
607
651
209
133
741
372
950
403
419
780
345
618
766
335
288
795
777
117
541
499
1025
217
799
944
329
232
367
552
220
353
811
176
35
548
1
142
400
298
27
421
40
462
359
299
395
382
206
980
1
285
109
813
219
361
601
155
442
405
253
57
894
548
763
542
704
44
545
1018
803
730
59
423
590
266
325
307
422
403
524
613
1033
403
820
777
631
298
302
505
461
351
556
638
152
236
831
882
38
100
1006
661
596
748
528
587
492
783
1017
546
368
618
662
563
553
161
612
926
972
249
948
662
735
682
722
146
75
276
890
1
1007
302
607
646
488
565
239
448
906
564
647
339
757
213
829
229
703
257
255
123
321
517
768
1040
439
282
739
128
471
714
467
298
411
760
435
245
865
658
457
694
882
415
555
705
525
276
871
582
639
181
200
201
35
5
85
239
359
948
771
804
457
284
485
803
629
358
13
808
68
96
956
101
767
577
1
278
388
318
847
592
494
615
265
806
754
94
113
203
896
712
1000
69
279
847
509
686
946
652
872
237
314
789
440
526
714
791
816
385
557
562
715
815
752
1
280
498
116
155
872
572
551
1
399
306
153
81
84
755
504
724
94
725
266
660
263
341
635
519
647
24
259
707
162
925
830
600
931
177
862
437
918
737
227
595
343
194
683
616
401
608
923
928
731
435
265
828
583
275
812
212
659
725
348
774
845
593
393
511
5
689
916
120
624
781
174
156
769
433
57
389
822
760
360
545
991
669
142
707
935
156
357
630
1041
734
730
166
223
834
648
918
781
362
760
454
853
294
779
407
86
182
49
623
786
765
981
29
69
914
448
476
752
847
609
660
700
1
616
963
735
615
143
582
525
253
877
321
988
562
866
754
193
846
977
220
310
375
512
112
176
262
123
826
1063
839
505
838
680
229
759
188
241
166
773
324
777
285
200
663
916
833
433
168
386
360
612
755
282
474
215
351
571
838
722
277
521
585
526
808
291
838
793
394
801
395
783
555
910
195
315
796
687
808
357
690
974
928
722
164
394
38
688
1
146
741
88
636
265
590
66
508
133
494
785
433
364
129
659
330
950
673
285
493
120
795
186
391
933
112
186
190
714
267
548
346
1
958
576
311
292
261
622
472
714
575
667
297
546
390
595
570
893
408
947
697
896
914
623
122
229
210
36
266
207
391
174
897
802
966
464
163
552
825
167
864
885
952
574
632
915
1037
471
364
331
671
34
405
273
844
438
888
174
1
581
112
406
3
782
186
228
483
346
220
237
249
51
1
106
430
855
834
484
240
781
394
805
23
527
418
182
783
347
478
435
18
332
373
282
273
486
358
884
329
491
1039
781
889
813
538
721
810
236
558
527
377
467
230
537
839
623
693
922
42
524
845
503
310
91
916
863
726
214
621
59
1029
118
1
933
377
926
675
1
1080
444
259
383
144
617
169
392
821
887
135
482
347
326
1048
353
691
822
1056
867
349
566
126
758
113
923
1063
914
564
221
536
465
124
222
669
774
565
431
471
602
371
821
447
122
749
706
367
898
17
584
815
53
878
735
38
880
233
1
147
595
841
584
425
1
1
682
22
798
954
615
585
976
448
917
178
346
113
641
652
819
235
509
602
519
305
608
911
546
205
799
112
440
669
313
441
601
815
898
133
808
463
471
215
325
402
671
113
933
585
945
891
502
798
982
258
691
307
901
670
338
921
642
793
1
214
326
35
755
747
497
233
551
348
921
675
122
173
397
81
112
179
245
300
1027
832
970
493
633
812
549
726
767
450
641
351
162
388
229
84
325
518
792
382
146
426
885
255
81
671
676
844
748
92
696
949
904
1037
345
681
130
123
684
9
464
551
364
845
450
645
853
155
1007
120
743
816
71
833
148
486
270
836
385
954
852
90
552
1
762
1
231
99
536
486
945
639
164
966
679
736
425
714
134
337
418
840
471
361
745
374
153
841
428
420
383
331
182
687
188
226
982
432
410
971
832
710
1
711
715
535
399
401
620
339
150
741
89
535
229
124
970
849
558
173
1
29
800
581
794
657
364
711
283
526
717
900
557
495
316
599
340
144
1
285
168
167
190
86
180
337
522
907
601
690
830
398
227
1017
870
979
149
330
655
565
624
11
813
821
1
291
809
406
192
188
494
769
115
945
312
859
809
61
110
149
192
742
600
580
771
230
258
383
312
951
962
467
966
63
571
182
473
624
619
275
551
1071
868
776
187
245
196
686
321
100
796
292
417
293
510
731
983
149
220
601
304
575
631
533
533
439
141
794
242
772
728
62
141
454
892
880
804
724
499
850
476
859
313
874
875
909
431
432
329
935
204
827
764
376
933
69
76
310
798
311
388
776
593
577
576
925
439
1064
236
393
267
766
146
28
579
539
902
527
586
1
725
706
120
752
828
887
321
775
188
766
253
483
130
419
886
440
579
45
666
736
792
219
194
938
225
161
576
439
663
172
225
402
1
750
448
739
218
522
1012
557
610
1
999
484
922
539
635
417
615
149
66
483
903
555
874
346
1027
187
1
332
193
796
561
417
248
358
190
653
54
496
395
729
1
715
170
666
711
457
504
598
829
864
657
1
815
593
709
90
820
553
528
948
1018
1069
433
563
617
367
897
263
545
270
212
967
227
779
346
86
684
291
992
712
664
896
547
466
193
438
323
88
549
120
218
273
500
651
696
432
542
46
458
639
207
507
1067
825
716
755
608
514
209
133
209
216
355
208
305
616
428
157
404
271
266
119
534
376
712
131
883
214
416
752
41
806
947
163
958
734
984
745
284
556
76
711
782
149
601
150
343
142
869
868
190
316
946
246
176
745
233
261
442
554
19
765
1
232
688
409
935
458
152
138
665
959
661
920
578
37
250
933
732
583
422
72
287
359
964
259
566
240
916
133
454
568
996
282
741
976
444
510
629
307
472
926
746
43
705
835
700
188
126
475
473
558
430
151
463
365
775
330
328
811
138
170
520
1045
665
298
170
837
209
742
809
888
378
749
149
546
274
786
622
341
864
1011
830
1
725
805
680
1050
328
445
646
889
625
753
172
574
891
772
455
260
563
287
626
562
848
178
601
1014
135
222
630
878
437
286
588
1
1002
433
417
297
856
145
93
693
735
209
212
599
405
950
862
663
673
1042
1
251
927
808
567
895
235
145
164
601
742
633
590
250
930
590
320
470
80
882
628
230
200
235
582
830
571
166
934
906
508
908
674
298
675
386
980
869
561
661
297
761
325
850
706
143
566
509
807
553
258
367
1
309
551
845
1042
209
955
978
236
219
1018
761
452
223
681
298
861
1
818
418
981
682
461
580
648
921
80
448
380
838
734
616
930
429
753
791
341
278
288
273
293
121
61
182
896
216
440
809
264
795
501
323
287
185
945
848
601
941
48
128
339
824
983
1
270
446
245
206
354
478
843
790
217
1
289
780
327
171
394
600
840
431
956
350
284
415
508
824
603
278
298
930
717
314
473
591
277
170
372
272
250
930
347
189
951
385
460
870
205
809
561
999
574
321
469
831
591
263
712
629
191
658
196
464
717
1
195
821
313
519
911
227
763
972
853
110
157
829
632
653
789
818
331
925
913
215
473
107
453
398
118
736
713
796
181
85
395
421
891
1015
473
475
619
569
132
657
752
1
377
461
128
189
776
482
552
512
794
993
678
364
839
1031
629
431
260
683
771
810
180
336
614
703
835
578
597
466
419
1035
649
730
258
581
972
580
541
558
714
162
423
471
530
293
721
854
58
1
628
162
826
324
372
746
374
712
742
1
595
771
181
126
928
650
601
699
814
338
341
1
727
709
260
718
750
16
325
355
1024
931
803
626
626
851
66
856
790
67
549
363
90
865
106
242
623
476
674
132
304
113
455
850
130
831
788
228
343
259
357
1
513
1043
1068
886
871
915
89
902
585
690
1
1090
554
333
981
534
1
885
120
1052
176
184
623
250
610
118
953
1031
1
758
855
48
634
8
403
625
203
1
472
517
44
243
287
169
610
502
424
867
112
660
874
427
22
213
656
840
795
464
678
702
635
658
909
394
919
983
919
511
820
109
199
343
649
538
208
519
704
523
853
629
670
479
170
679
866
543
464
991
89
50
815
1
775
97
571
522
536
353
523
154
447
526
671
614
749
277
135
153
1
956
417
239
200
203
44
822
404
610
118
72
1
88
201
148
610
312
576
402
894
105
353
871
138
887
255
8
636
449
660
563
714
847
824
467
442
782
511
462
511
428
220
16
298
150
505
490
503
783
40
299
691
119
385
433
405
343
51
389
518
243
770
896
1053
818
464
644
142
783
858
393
745
313
828
81
193
308
240
217
285
466
849
560
430
438
823
397
676
75
741
150
197
474
670
531
691
395
778
277
924
386
569
653
748
112
527
180
687
261
616
869
371
264
489
627
215
753
255
186
1058
380
53
804
87
1
944
510
858
642
609
199
752
239
272
757
547
572
792
519
31
295
1
171
584
398
145
422
1
822
346
83
864
955
310
681
997
1
1025
466
263
904
637
508
603
432
866
1
216
482
658
885
775
734
367
220
731
713
834
322
723
174
681
258
205
891
749
1024
394
909
963
447
280
69
850
196
485
699
858
916
754
333
751
63
400
814
922
538
464
225
291
1032
291
361
229
296
537
968
717
735
948
579
439
908
871
70
730
751
449
65
949
599
524
1007
493
77
119
234
585
648
167
15
819
454
510
661
874
304
893
225
886
507
576
680
581
912
286
1066
715
324
120
175
526
176
1
547
679
765
251
920
205
1027
205
71
209
75
204
437
167
374
878
226
852
383
246
579
785
996
188
910
147
288
50
751
635
543
511
740
351
571
1
848
348
791
874
491
802
80
286
544
337
779
657
825
806
439
136
339
628
466
735
604
1012
868
353
424
976
655
881
634
1
666
460
1079
255
934
290
472
453
440
366
475
315
151
196
727
75
183
860
636
232
1046
172
210
711
717
147
134
733
392
398
381
384
987
962
650
900
374
544
105
36
470
560
475
562
322
754
1004
695
402
796
888
495
539
703
258
596
875
716
364
419
788
229
544
819
808
354
964
338
598
343
427
779
276
184
939
984
151
763
656
204
649
456
677
681
582
336
350
574
340
76
293
795
90
602
1
163
91
665
561
906
333
53
267
652
609
24
123
458
372
538
237
1010
788
912
764
1017
893
662
469
360
715
983
775
571
893
406
252
569
193
1006
823
195
315
411
677
252
560
134
952
758
260
245
152
790
399
430
884
985
525
140
396
732
936
981
499
232
355
301
331
699
318
857
798
631
1055
1
350
297
112
41
557
779
887
809
536
760
256
626
794
1011
877
127
452
424
930
181
614
1028
625
662
838
289
335
309
593
691
749
597
645
312
295
356
653
904
930
641
160
914
281
862
167
758
581
471
823
883
673
322
884
757
305
482
503
737
371
240
548
257
352
551
847
620
628
524
726
972
889
841
999
649
534
1046
957
314
81
985
907
665
58
895
172
204
587
1
831
251
132
316
644
578
33
195
353
470
576
784
353
573
689
868
894
910
612
730
619
588
909
833
874
641
605
49
242
74
107
557
787
290
91
16
466
898
958
302
476
745
350
820
144
348
486
808
872
807
485
164
1044
502
708
72
375
1
78
232
688
326
91
85
573
413
263
727
756
845
488
384
483
181
850
178
853
273
494
389
749
609
553
797
723
1083
479
426
206
886
343
135
190
156
597
522
401
218
850
924
38
356
358
539
899
271
576
853
683
524
722
885
258
417
622
420
370
894
278
271
755
920
232
27
748
948
864
457
681
903
252
466
812
652
228
499
687
391
370
417
891
316
954
702
55
764
713
261
60
195
132
682
1018
386
1
712
780
282
971
818
975
227
527
820
838
873
1
963
767
1
174
799
589
259
141
968
784
717
501
555
30
1018
681
91
3
835
674
9
1
699
1
475
600
46
687
517
623
1004
322
216
639
64
213
221
106
386
226
174
891
641
57
470
124
472
840
547
145
1
491
6
403
816
667
534
894
678
963
668
47
859
891
806
745
313
73
823
488
527
296
1066
343
461
197
322
53
865
246
887
152
1042
337
996
835
217
528
449
377
712
10
266
770
250
741
798
103
315
976
848
758
91
589
724
590
304
719
516
528
172
561
673
925
558
518
874
904
547
1011
924
312
547
664
666
298
176
356
925
1
118
448
469
557
518
557
228
327
424
5
1052
223
452
790
823
506
622
685
927
891
183
345
959
47
439
993
229
36
397
239
169
539
598
203
169
221
425
183
13
653
893
908
368
714
710
460
597
153
648
697
582
793
478
474
160
470
842
713
1
551
272
698
833
824
628
210
180
214
10
72
41
959
924
848
549
233
372
1
131
373
618
281
193
1021
1
753
135
664
714
539
883
840
971
745
306
612
140
378
407
153
487
1
567
858
213
167
10
12
441
648
520
155
297
445
695
596
848
591
100
98
246
86
277
635
721
476
135
968
895
720
905
1
806
777
650
829
461
998
467
592
626
936
306
253
1070
991
1
475
774
707
137
297
75
142
160
816
77
229
112
748
777
544
369
900
971
719
371
162
619
285
217
250
342
512
454
174
808
580
256
566
1025
916
781
523
454
304
692
572
151
248
410
476
889
157
711
592
769
1
249
85
54
413
1002
330
999
935
693
255
52
392
135
6
1
784
1046
95
626
301
520
414
544
508
506
103
231
61
34
310
444
299
103
320
549
210
495
812
695
462
345
247
835
942
429
906
489
277
603
429
743
193
85
431
477
823
900
1038
497
111
126
347
11
29
367
601
368
773
618
427
603
175
462
955
358
136
530
694
665
297
101
650
233
529
445
556
913
1
873
813
454
760
32
486
639
158
411
587
505
642
317
147
873
351
515
1
614
746
724
108
966
841
512
775
774
149
871
582
995
26
734
754
892
511
984
477
20
612
395
333
102
419
588
698
760
41
209
715
424
157
215
39
415
194
278
293
755
205
923
210
616
943
468
356
358
862
382
8
639
841
353
336
394
169
553
88
727
116
890
358
902
95
836
677
410
325
728
391
913
492
1053
918
807
554
624
647
484
617
536
249
398
74
485
129
879
370
125
169
432
766
562
73
283
31
623
839
64
134
670
473
878
285
122
276
309
117
423
565
244
275
376
74
696
328
288
308
360
702
654
1090
921
706
638
449
454
891
1031
533
588
750
896
448
673
322
112
902
460
882
245
321
229
943
560
190
442
123
113
88
69
236
22
980
163
89
449
1024
732
131
348
231
234
727
882
795
801
75
1
219
411
399
580
329
845
368
170
923
190
834
193
775
214
346
94
810
554
336
1
818
672
736
673
175
769
299
803
8
795
142
802
283
226
135
719
1
142
959
624
341
292
861
584
972
687
273
624
243
499
1021
108
113
220
394
177
759
223
912
210
750
718
770
466
716
837
1045
762
766
1008
315
194
689
92
774
760
404
524
306
245
315
662
243
550
839
267
401
371
635
858
736
19
495
839
749
662
1051
744
883
949
444
164
499
486
971
88
338
903
314
611
841
276
904
93
303
983
754
1040
727
279
240
473
600
174
604
301
129
199
763
828
671
419
417
231
367
671
318
13
517
783
1
844
751
214
571
792
42
521
378
315
279
99
448
420
903
538
347
852
1
276
454
847
108
851
47
746
185
1
834
138
872
314
875
33
714
48
256
625
1
251
480
957
513
883
358
660
346
307
926
794
776
499
243
942
1
61
967
183
308
1
614
275
398
230
759
708
416
135
476
1
300
346
1056
530
596
793
846
627
790
948
68
723
215
136
1050
746
14
192
552
596
7
503
328
924
347
487
258
432
1
426
737
282
16
865
163
841
425
373
638
381
949
778
135
882
262
390
380
535
192
1
497
108
452
185
456
61
729
491
702
601
817
343
862
1
575
818
707
600
677
621
329
233
641
231
458
552
1030
1
867
327
928
832
468
651
767
844
206
453
982
949
808
713
359
1043
254
211
704
379
71
857
635
509
346
238
674
46
114
792
428
186
301
495
827
320
699
898
728
491
209
435
809
449
154
155
864
908
195
494
194
481
995
921
743
939
868
419
8
34
604
591
213
224
918
216
775
538
485
616
715
729
238
434
925
314
687
488
795
708
1033
637
666
340
967
794
620
723
300
419
190
925
420
911
454
334
290
629
142
104
832
680
1
463
786
536
128
176
980
727
652
433
594
191
255
955
53
885
276
799
375
667
817
865
491
579
877
633
552
879
18
586
344
544
811
647
109
264
1
230
566
119
733
156
876
156
879
170
132
52
123
98
836
983
706
330
441
433
933
287
854
241
13
622
377
100
305
559
44
454
131
814
231
584
350
273
592
395
931
80
319
463
887
407
194
48
473
716
177
572
193
526
774
500
782
341
640
785
447
879
894
718
981
452
298
138
412
412
1
813
643
447
218
429
415
551
56
799
656
804
757
891
717
1051
481
425
437
737
663
157
86
271
107
675
229
100
422
390
578
428
87
454
236
699
278
731
8
443
630
358
579
908
431
183
548
198
393
911
11
539
183
548
690
774
857
223
385
730
520
200
446
46
390
490
215
695
507
948
153
670
800
523
728
166
401
935
533
504
441
895
131
878
656
588
222
914
1020
108
398
266
277
88
345
22
312
467
732
135
272
219
117
597
191
749
126
114
560
311
313
917
488
492
424
919
668
56
207
149
111
549
259
191
867
448
832
786
806
141
844
866
618
695
535
246
143
688
808
573
910
420
591
401
767
267
238
220
777
305
621
793
408
816
708
464
704
637
488
493
829
475
295
685
619
1
890
309
364
468
377
508
353
379
739
459
168
482
18
165
313
166
859
905
834
841
597
282
676
257
156
677
902
924
848
167
1
410
815
67
414
888
597
776
697
644
399
186
583
200
650
573
665
226
959
556
286
311
807
702
140
41
241
379
252
489
761
250
310
807
463
502
1009
141
452
335
356
168
535
490
426
286
97
285
987
63
822
728
570
210
289
1
649
874
1002
834
175
742
265
462
320
765
710
581
453
411
473
492
502
129
808
594
690
472
800
1015
232
604
863
920
18
28
701
926
561
1
795
338
409
682
46
669
781
603
935
460
230
698
408
405
921
399
659
1007
458
596
709
45
610
538
196
157
993
757
835
753
511
292
316
663
461
865
564
438
338
643
312
307
313
317
945
690
555
55
85
75
263
21
84
425
524
375
644
851
634
871
705
108
908
642
902
951
933
860
499
50
466
383
888
220
579
319
234
419
716
16
583
109
758
27
670
560
619
475
400
788
969
909
692
597
621
287
160
816
891
924
759
201
215
532
340
548
231
589
510
479
181
244
269
381
115
277
313
468
1078
34
450
908
422
184
806
279
126
550
285
592
339
562
922
814
447
174
840
605
665
1
316
666
691
580
916
101
196
408
971
566
718
684
901
588
807
113
395
921
133
505
776
237
896
247
459
852
713
305
408
888
931
652
922
443
14
748
229
655
49
896
331
228
535
567
616
221
150
494
914
467
335
13
954
522
374
184
566
619
888
903
649
299
1015
1017
847
944
30
190
989
1005
953
106
981
767
495
839
1017
145
126
665
315
953
94
497
940
498
685
734
436
881
197
209
533
118
933
11
793
18
352
1027
69
7
931
895
264
896
695
939
584
826
477
341
29
876
235
842
859
1022
633
518
848
1006
215
538
538
