482
257
286
517
404
713
45
924
873
160
1
838
40
58
676
627
766
862
405
923
379
461
612
133
813
97
908
165
996
623
220
298
157
723
144
48
129
148
35
644
632
272
1040
977
312
778
567
965
1
616
569
628
493
76
733
575
288
775
723
912
64
354
565
210
922
775
566
934
626
742
194
485
483
617
876
653
896
652
220
727
900
563
56
157
280
537
284
920
124
239
459
931
504
910
382
795
485
351
289
865
250
738
75
788
947
651
595
993
663
265
338
637
206
328
618
64
139
806
412
912
715
1
929
1025
410
273
507
450
174
882
427
787
355
734
1
248
397
159
874
449
857
286
976
908
103
1071
1
117
697
424
439
74
442
568
195
854
281
433
845
224
487
181
496
690
124
575
374
766
149
776
793
674
696
90
732
214
935
228
619
349
734
964
644
484
491
628
1009
944
315
92
554
757
88
952
818
628
316
818
255
432
763
490
721
587
530
992
491
343
880
645
761
152
241
727
352
246
1
479
958
749
551
538
319
580
501
487
349
252
731
637
339
257
271
740
1002
404
190
254
277
100
648
810
535
702
855
76
773
917
279
123
922
613
658
705
101
807
883
358
634
786
618
644
141
466
340
495
283
352
886
95
291
217
1007
1
219
764
1025
600
895
690
738
1
772
727
774
340
503
1
432
228
993
1058
130
821
189
943
343
404
560
196
418
782
314
59
778
979
828
584
122
741
566
760
385
395
250
789
492
261
914
380
537
731
361
473
737
708
635
804
827
695
756
57
178
688
1
871
415
510
1057
764
193
905
583
696
887
444
741
12
313
81
828
354
981
499
283
545
635
540
689
946
730
703
14
644
241
793
912
461
801
424
744
272
338
193
987
432
505
944
653
38
468
461
1
576
329
274
701
432
851
915
137
927
903
373
770
160
285
231
366
317
423
420
216
772
271
566
243
725
390
491
225
392
781
434
535
368
938
946
353
1
707
143
630
364
822
147
54
91
431
606
917
553
473
222
954
369
413
717
491
447
44
994
518
448
931
369
181
815
655
267
960
611
271
771
993
359
810
563
360
264
199
1074
131
41
423
197
779
344
536
140
669
938
715
67
321
434
19
928
759
178
160
277
467
653
330
966
817
1045
508
492
743
884
259
56
1
421
270
99
429
1004
512
702
657
862
516
246
592
641
390
831
522
611
825
929
734
718
883
355
426
668
235
1080
397
137
648
342
799
1067
313
452
441
214
1059
260
579
897
316
526
909
139
634
384
577
840
509
262
934
513
556
97
107
937
370
193
802
134
390
439
1034
636
1008
191
429
445
483
347
769
540
212
789
317
381
714
24
570
771
1052
776
290
470
367
626
879
688
553
112
440
510
741
473
289
574
85
36
362
310
129
763
31
69
470
739
726
57
476
498
669
112
934
854
112
246
1
481
883
1051
763
417
900
573
601
588
900
327
199
847
240
862
635
680
806
767
495
870
259
476
512
467
1001
798
819
835
502
119
652
82
242
215
291
687
550
1
249
203
865
189
758
90
188
621
807
481
1031
349
222
260
551
245
631
183
873
656
5
137
579
656
373
232
352
428
598
943
582
120
573
218
347
628
1
642
959
983
186
60
513
143
234
290
597
452
521
837
267
20
1027
690
235
199
186
374
244
424
438
385
337
945
686
698
16
464
655
911
839
144
535
65
230
806
312
578
699
817
105
886
360
658
53
1
319
36
879
595
721
80
981
838
654
480
973
647
243
152
183
140
263
856
338
792
403
560
238
214
1011
453
330
819
469
882
279
811
82
341
271
397
876
128
1016
243
843
949
451
1091
594
867
353
471
100
401
591
884
607
651
209
133
741
372
950
403
419
780
345
618
766
335
288
795
777
117
541
499
1025
217
799
944
329
232
367
552
220
353
811
176
35
548
1
142
400
298
27
421
40
462
359
299
395
382
206
980
1
285
109
813
219
361
601
155
442
405
253
57
894
548
763
542
704
44
545
1018
803
730
59
423
590
266
325
307
422
403
524
613
1033
403
820
777
631
298
302
505
461
351
556
638
152
236
831
882
38
100
1006
661
596
748
528
587
492
783
1017
546
368
618
662
563
553
161
612
926
972
249
948
662
735
682
722
146
75
276
890
1
1007
302
607
646
488
565
239
448
906
564
647
339
757
213
829
229
703
257
255
123
321
517
768
1040
439
282
739
128
471
714
467
298
411
760
435
245
865
658
457
694
882
415
555
705
525
276
871
582
639
181
200
201
35
5
85
239
359
948
771
804
457
284
485
803
629
358
13
808
68
96
956
101
767
577
1
278
388
318
847
592
494
615
