585
194
426
606
348
516
521
1092
422
749
895
337
143
557
945
915
1055
546
352
522
109
891
1001
459
222
767
194
698
838
107
674
644
815
434
982
866
467
1094
1084
993
399
733
533
231
782
528
172
800
974
717
238
974
956
820
245
519
1095
894
629
296
299
1097
377
216
197
1008
819
639
342
807
207
669
222
637
170
1031
198
826
700
587
745
872
367
613
1072
181
995
1043
313
158
848
403
587
864
1023
636
129
824
774
889
640
579
654
242
567
439
146
741
810
296
653
594
291
166
824
924
830
308
1088
811
190
900
440
414
649
389
296
501
965
566
778
789
670
933
1036
325
822
344
751
949
223
213
531
479
608
461
685
165
953
586
742
786
1092
386
825
989
386
124
912
591
959
991
763
190
188
281
279
314
287
117
719
572
361
518
946
519
292
456
361
782
614
406
986
301
630
485
949
1052
394
600
899
294
491
837
430
424
398
1092
890
324
375
360
926
197
172
310
966
749
1051
1019
848
163
785
1058
1056
904
664
618
283
528
500
637
821
446
307
253
423
1071
711
762
216
297
209
191
895
629
443
226
962
847
785
569
110
870
981
1034
1084
823
503
995
460
668
549
272
641
1058
372
483
977
408
459
1070
807
683
408
148
870
1030
130
669
308
103
411
120
200
709
1039
987
522
925
885
1030
470
1004
1089
341
1069
479
243
476
1072
1062
128
989
161
543
738
316
448
438
447
260
166
506
491
259
738
131
395
304
926
520
296
253
549
525
955
431
243
665
587
938
240
109
664
1018
715
633
235
332
664
1057
460
691
893
676
263
846
959
477
860
958
811
186
762
534
259
658
760
379
368
940
1048
835
415
674
776
226
441
1012
789
839
994
921
806
725
590
1017
578
301
771
1093
1032
249
999
152
337
859
287
367
572
356
872
883
198
217
1006
616
1011
280
735
125
325
480
923
812
264
366
443
316
832
548
602
641
840
764
676
1054
712
826
1002
872
554
631
511
1043
1073
850
803
427
950
1017
177
105
320
213
902
1013
503
891
281
1098
110
959
625
445
1019
531
768
775
627
933
562
538
391
623
705
1016
557
520
505
215
517
760
379
361
785
872
696
488
407
864
324
943
422
306
940
507
1075
739
501
952
191
642
427
160
430
857
282
182
703
737
893
193
715
714
833
236
964
287
116
202
963
1072
1087
263
406
601
134
577
940
592
800
221
806
180
887
238
205
760
934
329
898
927
410
548
709
330
790
932
661
589
679
686
160
391
488
765
409
760
507
802
300
253
413
706
1070
223
133
353
373
809
377
932
1097
208
140
988
327
581
960
383
1040
958
708
384
1090
811
690
950
906
339
152
1043
901
295
864
195
810
510
486
764
693
1000
150
212
594
1063
256
854
1036
558
1065
119
186
325
823
669
284
197
968
294
440
854
512
702
587
161
309
795
446
447
960
819
407
200
195
197
921
943
1041
845
921
386
687
592
301
216
765
631
627
524
912
353
524
526
559
513
443
1080
936
391
606
933
279
586
1016
109
530
675
696
1022
908
245
369
997
612
504
911
842
785
828
667
369
876
203
955
845
818
135
953
879
197
171
246
180
846
942
115
228
1065
1041
612
327
580
130
1058
442
765
705
291
631
1064
464
615
459
706
967
922
920
636
413
793
307
119
1011
435
408
201
530
1022
785
394
741
1010
213
510
241
350
790
646
800
829
659
709
581
820
603
1076
866
859
107
898
982
174
959
748
282
399
525
885
642
946
783
490
953
997
1038
516
189
937
724
347
281
393
978
244
1033
1038
680
567
352
580
307
1055
758
765
120
126
1054
664
447
549
859
126
546
621
114
401
757
421
810
713
1080
488
288
979
736
1090
303
288
532
1063
229
920
730
400
609
922
337
355
473
377
938
253
495
500
792
327
203
618
318
547
484
415
1031
913
496
424
489
602
740
399
387
880
397
476
1077
616
612
312
319
429
655
910
498
586
389
585
898
516
698
1052
149
994
672
458
797
121
870
747
825
144
642
783
314
461
987
914
145
331
194
108
382
265
182
596
419
799
726
952
246
559
641
635
974
414
825
1044
877
406
654
559
308
737
887
547
1076
508
1012
207
544
1062
103
665
401
507
264
957
537
417
752
198
864
918
141
700
837
388
276
1002
236
667
228
290
494
849
335
1008
142
376
924
848
784
692
1079
493
668
463
467
263
152
1083
742
279
435
116
226
578
230
359
683
968
229
395
852
696
267
171
956
722
740
964
870
744
531
105
295
465
548
529
801
164
1052
954
980
870
268
188
179
257
1061
468
572
521
317
819
809
371
247
1075
396
916
1009
1062
864
635
351
538
978
796
853
981
670
418
353
145
766
152
1031
596
533
413
910
238
778
434
223
1088
312
