585
194
426
606
348
516
521
1092
422
749
895
337
143
557
945
915
1055
546
352
522
109
891
1001
459
222
767
194
698
838
107
674
644
815
434
982
866
467
1094
1084
993
399
733
533
231
782
528
172
800
974
717
238
974
956
820
245
519
1095
894
629
296
299
1097
377
216
197
1008
819
639
342
807
207
669
222
637
170
1031
198
826
700
587
745
872
367
613
1072
181
995
1043
313
158
848
403
587
864
1023
636
129
824
774
889
640
579
654
242
567
439
146
741
810
296
653
594
291
166
824
924
830
308
1088
811
190
900
440
414
649
389
296
501
965
566
778
789
670
933
1036
325
822
344
751
949
223
213
531
479
608
461
685
165
953
586
742
786
1092
386
825
989
386
124
912
591
959
991
763
190
188
281
279
314
287
117
719
572
361
518
946
519
292
456
361
782
614
406
986
301
630
485
949
1052
394
600
899
294
491
837
430
424
398
1092
890
324
375
360
926
197
172
310
966
749
1051
1019
848
163
785
1058
1056
904
664
618
283
528
500
637
821
446
307
253
423
1071
711
762
216
297
209
191
895
629
443
226
962
847
785
569
110
870
981
1034
1084
823
503
995
460
668
549
272
641
1058
372
483
977
408
459
1070
807
683
408
148
870
1030
130
669
308
103
411
120
200
709
1039
987
522
925
885
1030
470
1004
1089
341
1069
479
243
476
1072
1062
128
989
161
543
738
316
448
438
447
260
166
506
491
259
738
131
395
304
926
520
296
253
549
525
955
431
243
665
587
938
240
109
664
1018
715
633
235
332
664
1057
460
691
893
676
263
846
959
477
860
958
811
186
762
534
259
658
760
379
368
940
1048
835
415
674
776
226
441
1012
789
839
994
921
806
725
590
1017
578
301
771
1093
1032
249
999
152
337
859
287
367
572
356
872
883
198
217
1006
616
1011
280
735
125
325
480
923
812
264
366
443
316
832
548
602
641
840
764
676
1054
712
826
1002
872
554
631
511
1043
1073
850
803
427
950
1017
177
105
320
213
902
1013
503
891
281
1098
110
959
625
445
1019
531
768
775
627
933
562
538
391
623
705
1016
557
520
505
215
517
760
379
361
785
872
696
488
407
864
324
943
422
306
940
507
1075
739
501
952
191
642
427
160
430
857
282
182
703
737
893
193
715
714
833
236
964
287
116
202
963
1072
1087
263
406
601
134
577
940
592
800
221
806
180
887
238
205
760
934
329
898
927
410
548
709
330
790
932
661
589
679
686
160
391
488
765
409
760
507
802
300
253
413
706
1070
223
133
353
373
809
377
932
1097
208
140
988
327
581
960
383
1040
958
708
384
1090
811
690
950
906
339
152
1043
901
295
864
195
810
510
486
764
693
1000
150
212
594
1063
256
854
1036
558
1065
119
186
325
823
669
284
197
968
294
440
854
512
702
587
161
309
795
446
447
960
819
407
200
195
197
921
943
1041
845
921
386
687
592
301
216
765
631
627
524
912
353
524
526
559
513
443
1080
936
391
606
933
279
586
1016
109
530
675
696
1022
908
245
369
997
612
504
911
842
785
828
667
369
876
203
955
845
818
135
953
879
197
171
246
180
846
942
115
228
1065
1041
612
327
580
130
1058
442
765
705
291
631
1064
464
615
459
706
967
922
920
636
413
793
307
119
1011
435
408
201
530
1022
785
394
741
1010
213
510
241
350
790
646
800
829
659
709
581
820
603
1076
866
859
107
898
982
174
959
748
282
399
525
885
642
946
783
490
953
997
1038
516
189
937
724
347
281
393
978
244
1033
1038
680
567
352
580
307
1055
758
765
120
126
1054
664
447
549
859
126
546
621
114
401
757
421
810
713
1080
488
288
979
736
1090
303
288
532
1063
229
920
730
400
609
922
337
355
473
377
938
253
495
500
792
327
203
618
318
547
484
415
1031
913
496
424
489
602
740
399
387
880
397
476
1077
616
612
312
319
429
655
910
498
586
389
585
898
516
698
1052
149
994
672
458
797
121
870
747
825
144
642
783
314
461
987
914
145
331
194
108
382
265
182
596
419
799
726
952
246
559
641
635
974
414
825
1044
877
406
654
559
308
737
887
547
1076
508
1012
207
544
1062
103
665
401
507
264
957
537
417
752
198
864
918
141
700
837
388
276
1002
236
667
228
290
494
849
335
1008
142
376
924
848
784
692
1079
493
668
463
467
263
152
1083
742
279
435
116
226
578
230
359
683
968
229
395
852
696
267
171
956
722
740
964
870
744
531
105
295
465
548
529
801
164
1052
954
980
870
268
188
179
257
1061
468
572
521
317
819
809
371
247
1075
396
916
1009
1062
864
635
351
538
978
796
853
981
670
418
353
145
766
152
1031
596
533
413
910
238
778
434
223
1088
312
608
166
870
306
851
850
880
164
541
566
307
437
616
610
774
896
508
275
1020
537
673
1038
734
948
978
661
1090
818
926
1048
796
749
900
669
511
763
522
682
807
943
434
302
1086
802
594
679
250
825
662
903
480
440
932
256
1079
932
476
702
611
334
514
788
260
284
1082
1078
338
513
590
733
999
685
351
706
626
1063
997
450
139
342
757
639
552
839
638
367
931
265
560
277
285
820
1034
902
540
744
590
182
268
898
171
297
1077
273
558
181
304
335
903
212
239
203
499
368
520
979
1091
743
678
206
1072
222
277
544
498
362
448
791
596
1097
376
546
925
271
714
649
221
381
830
311
441
212
384
508
798
830
117
463
646
189
772
705
1074
1038
966
268
477
805
659
147
440
500
627
315
879
214
861
151
583
981
192
649
490
779
683
428
761
350
491
303
436
581
761
852
225
807
189
182
375
163
459
760
278
121
880
387
142
319
105
600
480
920
872
195
916
144
109
848
584
778
645
376
689
578
257
763
1001
694
877
857
174
1047
347
548
155
670
579
413
885
1081
1058
895
780
652
493
489
1044
380
696
964
719
736
711
612
952
992
383
284
399
1047
866
714
412
725
926
249
826
477
833
574
905
118
779
762
503
516
1064
101
437
630
641
852
578
122
469
1081
1046
877
921
1057
933
375
937
684
590
682
137
221
694
1051
229
768
358
218
346
419
462
996
855
621
604
1048
171
348
277
574
276
451
903
154
337
255
777
760
133
971
215
586
697
394
869
525
636
345
1056
482
441
471
284
808
334
644
669
894
316
487
637
838
184
620
910
381
757
602
133
191
259
603
620
1024
768
116
387
133
329
444
474
449
574
706
772
996
1015
695
611
541
223
202
669
152
299
754
496
810
815
534
159
345
710
136
1017
761
1027
513
370
113
217
470
616
500
315
295
316
1084
337
576
715
264
599
505
577
774
860
296
385
708
156
1007
1066
632
722
151
321
816
294
427
191
980
447
810
352
367
573
500
616
476
485
709
457
420
1058
296
765
638
892
1035
164
504
520
200
771
226
1068
955
977
194
277
831
623
353
239
108
252
493
832
643
346
448
665
418
840
589
1002
122
117
1098
1073
149
398
481
711
110
132
529
111
321
437
250
236
817
989
630
622
432
905
1042
128
665
1031
316
857
161
709
270
644
972
1005
744
695
308
346
780
213
797
275
739
256
779
344
1061
983
461
365
902
983
459
562
939
585
818
372
380
304
352
1084
380
509
202
498
715
1009
396
470
581
982
1056
314
330
866
359
135
1022
521
806
371
372
470
256
948
652
150
585
1076
636
370
170
896
1002
1063
552
479
135
1091
1047
651
478
997
157
407
452
521
769
174
802
488
241
659
558
1080
563
715
856
781
987
331
432
307
628
918
756
431
354
1079
887
545
595
448
470
824
110
501
300
746
427
768
117
342
474
402
855
961
1080
930
476
177
108
541
132
689
560
1090
904
289
123
968
969
1096
1043
463
815
337
728
520
173
665
299
314
138
433
309
826
427
275
1012
158
899
725
472
166
1076
269
220
575
767
304
288
190
128
596
804
101
749
574
846
549
797
352
812
432
389
387
725
289
1053
989
562
163
402
478
179
306
141
997
923
330
1008
482
765
675
136
160
832
629
909
577
166
390
391
189
691
1061
683
561
352
802
579
632
630
780
324
153
888
742
409
1100
466
991
452
922
502
252
645
424
213
733
1067
367
554
481
823
372
114
606
120
519
408
561
744
626
813
1078
582
568
436
829
389
895
596
681
426
483
630
326
267
521
622
486
930
373
191
584
216
776
847
207
495
329
1058
1002
856
1062
362
205
803
184
611
1091
581
801
549
789
988
755
699
700
406
638
592
599
903
981
545
1081
416
573
989
483
885
779
865
673
591
689
689
580
224
245
841
724
998
1023
825
1015
782
332
231
1074
498
835
1006
778
853
740
412
744
890
312
401
223
1045
353
547
1043
297
118
127
1016
673
427
689
740
1034
715
309
570
629
755
999
388
115
501
692
940
192
733
675
807
914
524
454
782
227
294
474
955
666
290
694
828
1073
278
745
375
703
188
812
467
132
644
398
838
661
1063
1006
560
726
366
243
827
604
133
936
542
461
728
531
484
654
344
124
582
516
865
835
546
343
347
554
1013
1032
660
594
628
748
694
457
1035
696
562
888
721
636
760
859
664
300
402
666
1036
841
692
317
824
319
218
932
399
919
351
587
229
573
196
341
267
164
269
616
481
957
1076
318
867
590
937
604
507
807
303
442
487
575
835
275
806
886
435
271
140
332
921
988
231
966
259
1076
1078
353
153
719
949
742
578
560
119
318
330
318
553
767
436
1049
1031
189
688
588
549
668
666
626
